0000001750
0000061478
0000006201
0000003197
0000859163
0000764622
0001808834
0000001800
0000001923
0000002034
0000002098
0000002186
0000002178
0000002488
0000109471
0001122304
0000002969
0000353184
0000098618
0000766421
0000701288
0001368457
0000003453
0000003499
0000003545
0000775368
0000003673
0000773840
0000003982
0000004127
0000004447
0000701345
0000004457
0000004611
0000789073
0000771497
0001475922
0001783400
0000004904
0000004962
0000004977
0000005133
0000005272
0000700721
0001801075
0000350832
0001102238
0000005768
0000744825
0000713425
0000005981
0000790730
0001037868
0000318154
0000731859
0000006176
0000006207
0000006281
0000006284
0000006292
0000006314
0000821026
0001841666
0000006845
0000320193
0000006951
0000006955
0000007039
0000007084
0000225051
0000894405
0000007536
0000007623
0001674862
0000008146
0000008063
0001004155
0000008411
0000744187
0000769397
0000008670
0000039677
0000008818
0000008858
0000008868
0000008947
0000014846
0000009092
0000009263
0000808362
0000009326
0000009346
0000009389
0001004440
0000763901
0000046195
0001390777
0001011174
0000009892
0000009984
0000010048
0000749872
0000010329
0000010456
0000109563
0000010795
0000729580
0000732712
0000356080
0000011199
0000935226
0001067983
0000764478
0000012208
0000722104
0001130464
0000012659
0001001606
0000033769
0000012927
0000012978
0000354655
0000315213
0001035675
0001393066
0000013573
0000746598
0000014177
0000014195
0000014272
0000014693
0000014707
0000014930
0001104657
0000015615
0000746838
0000733269
0000018396
0001739940
0000025354
0000020629
0000021175
0000356037
0000277948
0000026058
0000320121
0000766792
0000016040
0000350199
0000016058
0000016104
0000730255
0001035201
0000016732
0000016918
0000721371
0000790051
0001094093
0000017843
0000018061
0000726958
0000018172
0000018169
0000018230
0000018255
0000278166
0000740664
0000745651
0001061393
0001089819
0000018808
0000018926
0000018937
0000019353
0000019411
0000019446
0000215419
0000019584
0000019617
0000019745
0000093410
0000019871
0000703351
0000020171
0000313927
0000020212
0000020232
0000716133
0000723254
0000351077
0000201461
0000020740
0001400891
0000764065
0000021076
0000728303
0000317540
0000021344
0000215466
0000021510
0000021535
0001302573
0000021665
0000830524
0001166691
0000028412
0000022356
0000831001
0000022444
0000723612
0000356028
0001688568
0000023111
0000023197
0000023217
0000718332
0001549346
0000276209
0000733590
0001047862
0000023675
0001726173
0000023795
0000811156
0000024104
0000732834
0000024491
0000711404
0000024545
0000024741
0000025212
0000025232
0001067294
0001944013
0000025475
0001584207
0000277924
0001091862
0000025793
0001219601
0000025895
0000026076
0000039263
0000723603
0000026172
0000026324
0000714603
0000030697
0000026780
0000313616
0000351998
0000799165
0000027419
0000787250
0000315189
0000027904
0000277375
0000027996
0000936340
0000730464
0000939930
0000028823
0000722313
0000028917
0000029002
0000708850
0001744489
0000029332
0000029534
0000715957
0000029644
0000029669
0001172358
0000029834
0000029905
0001666700
0000029989
0001498301
0000030554
0000030302
0000030305
0001326160
0001799208
0000030625
0000067215
0000720875
0000030822
0000030828
0000030831
0000031791
0000350846
0000031107
0000049600
0000031235
0000350797
0000031462
0000031667
0000031978
0001066107
0000032166
0000726514
0000032198
0000032604
0000032621
0000032689
0000350917
0000714284
0000277595
0000032878
0000731802
0001507605
0000033002
0000727510
0000316253
0000033185
0000033213
0000033488
0000033533
0000033619
0001282637
0000753568
0000033992
0000746515
0000034067
0000764401
0000034088
0000037785
0000753308
0000034151
0000034408
0000034563
0001048911
0001419581
0000034903
0000277509
0000794367
0000035214
0000320017
0000035527
0000719164
0001281761
0000354869
0000036146
0000798941
0000036270
0000036104
0000036966
0000037008
0000012040
0000037472
0000713002
0001128928
0001124198
0000355019
0000037996
0001647509
0000038074
0000352825
0000038725
0000038777
0000039020
0000039092
0000039047
0000039273
0000039368
0000039648
0000040211
0000354190
0000039899
0000039911
0000040888
0000040533
0000040545
0000040570
0000040704
0000040729
0001467858
0000088205
0000018498
0000355811
0000040987
0000041133
0001052752
0000719274
0000042228
0000042316
0000042542
0000042582
0000042682
0001436304
0001045309
0000042888
0000716314
0000277135
0000043196
0000043410
0000026820
0000043920
0001273931
0000216039
0001030749
0000311817
0000045012
0000355766
0000313478
0000202058
0000045876
0000046080
0000046129
0000216085
0000354707
0000046250
0000731012
0000766704
0000874238
0000719413
0000046619
0001637459
0000046765
0000047035
0000047111
0001657853
0000047217
0000717605
0000047518
0001585689
0001915657
0001656239
0000354950
0000048287
0000741815
0000048465
0000316206
0001130310
0000357294
0001029800
0000048898
0000728535
0000049196
0000315374
0000772897
0001093082
0000049728
0000049534
0000216228
0000052827
0001057877
0000049826
0000352998
0000722830
0001096385
0001481582
0000353020
0000050725
0000703361
0000050863
0000320340
0000050957
0000715787
0000051143
0000051253
0000808450
0000353944
0001405495
0000051434
0000316793
0000319240
0000278041
0000051548
0000728249
0000051644
0000742112
0000719209
0000052795
0000351903
0000052988
0000105634
0001084580
0000094610
0000200406
0000319201
0001310067
0001506307
0000056868
0000057055
0000054381
0000054441
0000054473
0001143068
0000054480
0001711269
0000740694
0000054991
0000055067
0000055135
0000055242
0000055529
0000719733
0000055772
0000055785
0000056047
0000056701
0000056873
0000056978
0000763532
0000060714
0000703360
0000357020
0000057139
0000057131
0001126956
0000707549
0000057515
0000057528
0000703604
0000058361
0000058492
0000704051
0000920760
0000096223
0000059478
0000701985
0000059527
0000059558
0000352363
0000936468
0000060086
0000315852
0001017907
0000060519
0000060667
0000060751
0000016099
0000060849
0000060876
0000060977
0000061004
0000773141
0000067716
0000068709
0001161728
0000061986
0000766561
0000101778
0000062234
0001070750
0000062709
0001399315
0000062996
0000749038
0000085608
0000755003
0000063276
0000063330
0000319815
0000054187
0000063754
0000063908
0000752714
0000064040
0000927653
0000064463
0000064472
0001170650
0000748270
0000064803
0000701811
0000310158
0000065011
0000724004
0000065172
0000065201
0000065270
0000065312
0000065358
0000065596
0001593936
0000320345
0000723125
0000310568
0000065984
0000066004
0000066382
0000066570
0000316300
0000066740
0000066756
0001067419
0000067279
0000067347
0000067472
0001489137
0000067625
0001906324
0000067887
0000068270
0000068505
0000717423
0000069422
0000069488
0001792044
0000070858
0000070866
0000072162
0000073290
0000069633
0000069671
0000069733
0000070145
0001047335
0000070318
0000070415
0000080172
0000070530
0000110536
0000070793
0000275053
0000741508
0000356309
0000071691
0000814453
0001164727
0000071829
0000225263
0000072020
0000320187
0000072205
0000072207
0000072331
0000072333
0000702165
0000789933
0000072573
0000072741
0001111711
0000072903
0000073124
0001133421
0000097216
0001733998
0001993004
0000072971
0000073309
0001044566
0001587987
0000797468
0000350737
0000073756
0000350868
0001525221
0001031296
0000748015
0000074046
0001021635
0000074303
0000353230
0000712770
0001039684
0000074818
0001466593
0000075208
0000075252
0001370946
0000812074
0000075288
0000075340
0000077776
0000713676
0000079879
0000075362
0001004980
0000277058
0001032208
0000075829
0001559149
0000708821
0000076267
0000076282
0000076321
0000076334
0000729237
0000076605
0000943861
0000723531
0001422862
0001042046
0000077159
0001166126
0000922224
0000077281
0000077449
0000077476
0000077543
0000077877
0000350403
0000078003
0001109357
0000078128
0000764180
0001163165
0000078239
0000078460
0000278130
0000088948
0000078749
0001230245
0000078814
0000914025
0001546296
0001338749
0001135971
0000080420
0000311657
0000079958
0000080424
0000355429
0001108426
0000788784
0000822416
0000276720
0000100591
0000081362
0000708818
0000720500
0000709283
0000751652
0000700841
0000720005
0000742278
0000110621
0000082020
0000082166
0001047122
0000082473
0000082811
0000716643
0000350698
0000083402
0000355948
0000084129
0001069533
0000084290
0001024478
0000084748
0000084839
0001571508
0000745732
0001528558
0000085535
0000085704
0000739878
0000085961
0000085974
0000350894
0000766829
0000089270
0000710752
0000086144
0000203077
0000319655
0000023666
0000754737
0000866729
0000087565
0000088121
0000317788
0001012100
0000088790
0000088941
0000089089
0000089140
0000354963
0000089800
0000090168
0000090185
0000082628
0000314203
0000091142
0000091419
0000091440
0000091576
0000091741
0000091767
0000091928
0000320575
0000827052
0001056903
0000092122
0000203248
0000092380
0001692115
0000732717
0000007332
0000718924
0000743238
0000077597
0000092679
0000092769
0000731657
0000718937
0000093384
0000093389
0000878560
0000093456
0000310354
0000093556
0000093676
0000093751
0000094049
0000093451
0000094344
0001393311
0000310764
0001593538
0000095029
0000095304
0000750556
0000095521
0000095552
0000095574
0000730000
0000728331
0000351817
0000724742
0000095953
0000096021
0000350563
0000277928
0000103096
0000098338
0000096289
0000096412
0000096536
0000318833
0000096699
0000096763
0000096793
0000096831
0000096869
0001018963
0000096943
0001051512
0000317771
0000731939
0000097134
0001024725
0000097196
0000097210
0000050104
0000097472
0000097476
0001811074
0000217346
0000097745
0000097854
0000730263
0000350907
0000098222
0000701374
0000098362
0000098677
0000320335
0000098720
0000737758
0000721683
0000099302
0000099359
0000726513
0000099780
0000732026
0000941138
0000100378
0000860731
0000100493
0000100517
0000884614
0000102379
0000757011
0000100716
0000100726
0000717954
0001002910
0000100885
0000798949
0000101063
0000074208
0000101295
0000731766
0001082510
0000101382
0000752642
0001090727
0000101538
0000101594
0000355999
0000101829
0000101830
0000750004
0000755001
0000310142
0000102037
0000102109
0000352915
0000706698
0000103379
0000102752
0000102729
0000102741
0000717720
0000203527
0000103145
0000310056
0000758743
0000103595
0000751365
0000103730
0000103872
0000899689
0001396009
0000105132
0000110430
0000104169
0001618921
0000737300
0000104777
0001103601
0000104889
0000104894
0000104897
0000104918
0000105016
0000105076
0000828916
0000105418
0000105608
0000105729
0000105770
0000106040
0000106455
0001159297
0000106532
0000106535
0000106618
0000106640
0000106926
0000107140
0000107263
0000350077
0000719955
0000872821
0000107681
0000107687
0001617227
0000783325
0000352541
0000916863
0000110471
0000108312
0000850209
0000108516
0001770450
0000318996
0000716006
0000108985
0000109156
0000109177
0000109198
0000109380
0000730716
0001083743
0000725876
0000775158
0001299901
0001107843
0000739608
0001545654
0000720672
0001792580
0000763744
0000764579
0000779152
0000782842
0000007789
0001547903
0000092230
0000714310
0000779544
0000778946
0000702325
0000785787
0000758004
0000736822
0001547459
0000773910
0000786947
0000721447
0000878726
0001616262
0001548981
0001499422
0000790070
0000002491
0001495240
0000739944
0000701719
0000768835
0000895421
0001113169
0000751364
0000789019
0001341439
0001024305
0000790703
0000730272
0000790818
0001465112
0000790705
0000791915
0000791907
0000732485
0000790715
0000778734
0000792977
0000791908
0000709804
0000792987
0000793074
0001552000
0000785557
0001552890
0000792985
0000794619
0000793952
0000793733
0000794170
0000724571
0000754811
0001544229
0000795212
0000784977
0001549848
0000794172
0000749251
0000795403
0000788920
0000906163
0000789460
0001232241
0000796505
0001702780
0000796343
0000745308
0000045919
0001340786
0000783412
0000768408
0000792641
0000059255
0000751085
0000785161
0000798081
0000798287
0001224608
0000799292
0000854852
0000799167
0000798354
0000800286
0000799088
0000795266
0000795551
0000314606
0000318306
0000719135
0000005513
0000726845
0000802481
0000800459
0000355777
0000036047
0001484504
0000803647
0000800458
0000728387
0000785956
0001552797
0000799233
0000804753
0000721237
0000805305
0000749660
0000803014
0001308161
0001552275
0000805264
0001096343
0001116463
0000844059
0000785786
0000804212
0000949961
0000050493
0001548309
0001545158
0001410428
0000805792
0000043350
0000801898
0000752431
0000780127
0000807884
0000018349
0000790526
0000807882
0000780053
0000765880
0000809933
0000766701
0000802356
0000806172
0000761648
0000810136
0000811641
0000704440
0000803016
0000812128
0000080661
0000084246
0000807707
0002057463
0000812900
0000813298
0000812701
0000813672
0001705873
0000794323
0000742550
0000791963
0001141197
0000814549
0000812796
0000810829
0000783280
0000805022
0001555365
0000814361
0000814585
0000790816
0000769520
0000803649
0000798783
0000814676
0000816284
0000799850
0000815094
0000816956
0000772572
0000813781
0000098246
0001023844
0000817135
0000808461
0001551739
0000826326
0000818479
0000813762
0001999001
0000813828
0001555280
0000806517
0000787253
0000819220
0000818033
0000816159
0000811212
0000799231
0000814547
0001505512
0001349454
0000820081
0001552800
0002024218
0000933136
0000788329
0000820738
0000922358
0000059440
0000316709
0000801351
0000822818
0001383871
0000819793
0001507881
0000768411
0000722572
0000807863
0001056087
0000825410
0000825411
0000700564
0000813621
0000820237
0000786344
0001299939
0000815556
0000311094
0000743316
0001132979
0000820313
0000003116
0000822663
0000931015
0001270073
0000768251
0001038357
0000821130
0000871763
0000828750
0000720858
0001557255
0000826675
0000823094
0000820097
0000789570
0001546640
0000823768
0001571996
0000831327
0000832428
0001549966
0001651347
0000820318
0001333274
0000815093
0000830748
0000831259
0000825313
0000821995
0000704562
0000821536
0000831968
0000836106
0000800240
0000746514
0000835729
0000833079
0001037676
0001026655
0000080124
0000011544
0000020286
0000074260
0001403085
0001555492
0000835011
0000910638
0000833081
0001090012
0000836157
0000920148
0000771856
0000842295
0001327811
0001549872
0000928022
0000814586
0000813920
0001558785
0001055160
0000840467
0000842183
0001569134
0001547635
0000845877
0000814184
0000034782
0001538849
0001556766
0001035002
0000842633
0000793044
0000840889
0000832101
0000837173
0000845289
0000841692
0001408356
0000840883
0000783005
0000089439
0000846876
0000019612
0001555538
0000842023
0000079282
0000850429
0000791519
0001178711
0001538217
0000850693
0000849213
0000849145
0000849399
0001132105
0001442236
0001512931
0001551152
0001517302
0001553023
0001533615
0001487918
0001551901
0000851205
0001423902
0001378946
0001177648
0001535929
0000772406
0001294016
0000711377
0000722723
0000094845
0000842162
0000821189
0001328581
0000855612
0001430723
0000855658
0001552198
0000855574
0001059142
0001585790
0001068717
0001562476
0000717538
0000008177
0000810689
0000921768
0000811831
0000802681
0001555039
0000701347
0000854775
0000800457
0000356130
0001555074
0000712515
0001580156
0000812348
0000769207
0000024090
0000811589
0000726854
0001076394
0000723188
0001057706
0000854395
0000868671
0000787075
0000712534
0001438533
0000038984
0001547546
0001561387
0000776901
0000039311
0001674745
0000714530
0001381639
0001560443
0000726517
0000792013
0001107160
0000867493
0001030469
0000820907
0001093672
0001484769
0001561627
0000064996
0001315657
0001462694
0001370291
0000700733
0000865058
0001635984
0000793547
0000846931
0000707179
0000855654
0000318300
0000230557
0000719739
0000701869
0000828944
0000754673
0000936528
0001415022
0000801337
0000203596
0000922487
0000715579
0000318673
0000730708
0001347858
0000708955
0000804269
0000834365
0001724965
0000700863
0001060009
0001005817
0000357301
0000729986
0000101199
0001514128
0000707605
0001532961
0001745916
0000863110
0001373707
0000741516
0001389002
0000275119
0001518461
0001568832
0001564618
0001533998
0001520358
0001117480
0001564709
0001313911
0000736772
0001411488
0001118417
0001509190
0001565337
0001407067
0001606440
0001964333
0001569187
0001555177
0001562401
0001007273
0001368514
0001567345
0001572684
0001391636
0001490660
0001303652
0001380846
0001562039
0001553326
0001496631
0000806279
0000712771
0001549084
0001362190
0000840264
0001561894
0000717059
0000866054
0001571498
0001169652
0001573097
0000859222
0000850606
0001560672
0001283699
0001174850
0000763563
0001556593
0001559909
0000796317
0001579471
0000835012
0001478242
0001269021
0001572910
0001575515
0001576044
0000877808
0001293971
0001284807
0001576940
0001401708
0001532543
0001517228
0000810958
0000834285
0001564708
0001275158
0000037808
0001375796
0001571283
0001571776
0001366340
0001573166
0000713095
0001537435
0001482080
0001556266
0001574540
0001439222
0001434868
0001574596
0001130598
0001403708
0001475274
0001574963
0001098151
0001578735
0001023024
0001532390
0001514732
0001122063
0000712537
0001569391
0001163199
0001556364
0001675644
0001441693
0001415624
0000714562
0001454389
0000771999
0001259515
0001567683
0001580608
0000740663
0001665918
0001356090
0001424929
0001575051
0001577791
0000314489
0001577095
0000763907
0001034669
0001581068
0000723646
0001574460
0000870385
0001534708
0001535955
0001575599
0001175505
0001581908
0001578318
0000903419
0001553588
0001574648
0001433270
0001581990
0001488613
0001579252
0001370880
0001566826
0001466085
0001573516
0001280600
0000706129
0001385228
0000840715
0001364954
0000760326
0001576169
0001434316
0001158114
0001563699
0001410939
0001577368
0001581091
0001477200
0001407190
0001577916
0001348324
0001580670
0001384905
0001585064
0000313716
0001125345
0001584952
0000876378
0001579298
0001561660
0001571123
0001393052
0001605301
0000857005
0000721994
0000012239
0001337553
0001583103
0001571329
0001575965
0001348334
0001195734
0001411574
0001411688
0001553079
0001583744
0001578932
0001418091
0001474167
0001495932
0001253689
0001361470
0001723128
0001438133
0001478484
0001503802
0001326732
0001384101
0001452751
0001416792
0001399520
0001586105
0001578732
0000764241
0001588972
0001361113
0000783739
0001118237
0001669779
0001574085
0000790359
0001578685
0001578987
0001044378
0001059131
0000788965
0000894671
0001515673
0000357173
0000788885
0001346830
0000716605
0001581164
0001585583
0001588216
0001591588
0001579157
0001587246
0001554859
0001587755
0001133869
0000875582
0000350852
0001591763
0001294133
0001442626
0001582966
0000080035
0000805676
0001135657
0001412270
0000090498
0001588238
0001590976
0000852772
0000821002
0001567514
0000854560
0000914122
0000315131
0001577670
0001592480
0001485003
0001399529
0001479290
0001579877
0000723458
0001419600
0001580905
0001587732
0001587523
0001592016
0001591670
0001585023
0001367920
0000891106
0001581934
0000719220
0001579684
0001593195
0001591517
0000799288
0001590717
0001042074
0001493761
0001409970
0001597033
0000740942
0000883948
0001404644
0001301501
0001591698
0001115128
0001578348
0001595974
0001598968
0001433714
0000827871
0001707178
0001635282
0000844789
0001716697
0000102212
0001277141
0001513818
0001563407
0001580808
0001593222
0001307748
0001599489
0001517022
0000737468
0001410384
0001459417
0001372414
0001594109
0000709942
0001288847
0001412043
0000854860
0001594337
0001580345
0001596967
0001592000
0000784011
0000908311
0001273636
0001508655
0001314223
0001668397
0001499807
0001261249
0001598428
0000354647
0000017313
0001423824
0001178253
0001328143
0001474903
0001372612
0001428875
0001449278
0001422183
0000726601
0001594879
0001069899
0001590955
0001604028
0001432732
0001582982
0001600422
0001599222
0000825542
0000858452
0000857737
0001473061
0001598646
0001596783
0001463172
0001601046
0001599617
0001697463
0001474464
0000737210
0001594466
0001462120
0001601485
0001470099
0002042694
0001594686
0001597131
0001592379
0001176948
0001598665
0000858339
0001032033
0001522690
0001604665
0001597672
0001600470
0001606163
0001602065
0001523404
0001582568
0001327318
0000858470
0001578620
0001267813
0001604416
0001651944
0001602658
0001510580
0001500435
0001437402
0001395937
0000945764
0001603145
0001297184
0001601548
0001602367
0001413837
0001601712
0001606757
0001597503
0001606745
0001599947
0001606268
0001596532
0001440292
0000858877
0001061630
0001478121
0001428336
0001328015
0000859737
0001601545
0001371285
0001597553
0001610466
0001325618
0001515816
0001704720
0001521036
0001271214
0001437786
0001604464
0001393434
0001581720
0001161315
0001748824
0001492674
0001596961
0001584754
0001610092
0000859139
0001384710
0001610793
0001609132
0001599891
0000727207
0001606366
0001589094
0001537028
0001579823
0000859368
0001611983
0000844965
0000751978
0000857949
0001614436
0001372514
0001606363
0001606498
0000860519
0000861459
0001609253
0001608249
0000853816
0000861361
0000820736
0000860748
0001494319
0001528557
0000739421
0001566044
0001616707
0000824142
0001611110
0001356093
0000944745
0000775662
0001649904
0001605607
0001613665
0001557883
0001607716
0001496671
0001610682
0001538990
0001501570
0001610418
0000803578
0001611988
0000081318
0001613859
0000724910
0001609702
0000858803
0000856982
0001611647
0001570827
0001412232
0001590895
0001539638
0000759944
0000874214
0001789832
0001679268
0000879682
0001512762
0001616817
0001404655
0001616314
0001420783
0001610250
0001617798
0000921299
0001444380
0001603286
0001617977
0001566610
0001600890
0001211759
0001445305
0001610114
0001595097
0001551693
0001610950
0001505155
0001373670
0001071993
0000718130
0001612630
0000315709
0001604738
0001615346
0000819689
0001507079
0001620928
0001420811
0001610532
0001617669
0001448056
0001470205
0000862480
0000768899
0001594864
0000860730
0001529628
0000872835
0001812727
0000743988
0001616101
0001617898
0001599407
0000924383
0001731348
0001711291
0000821483
0001611547
0000719866
0000808047
0001619917
0000851249
0000825324
0001600438
0001583648
0001621563
0000863456
0001506401
0000057725
0001607741
0001794515
0001616318
0001374128
0000010254
0001620533
0001622194
0001394319
0001506928
0001619954
0001609351
0001169987
0000835324
0001616741
0001620546
0001627223
0000096885
0000315449
0000864509
0000864749
0000863894
0000864233
0001614806
0001501134
0001616297
0001556727
0001616000
0000862510
0000851520
0001611231
0001609711
0001632933
0001620280
0001632790
0000863436
0001620393
0001619250
0001678463
0001597313
0000778972
0001351051
0000720002
0001419612
0001618563
0001622353
0001589526
0000866273
0001634117
0000866121
0000866706
0001632127
0000829323
0001589149
0001370637
0001633931
0001626115
0001633978
0000896156
0001633651
0001635581
0000811240
0001609951
0001592057
0001434647
0001572694
0001622893
0001610618
0001562214
0001300734
0001597264
0001324772
0001592386
0001621434
0001163370
0001448431
0000225648
0000861842
0001637558
0001637655
0001725057
0001630856
0000357264
0001267565
0001631569
0001021096
0001637913
0000869487
0000858655
0001630132
0000869986
0000714256
0001339970
0001615153
0000868611
0001636286
0001393020
0001108109
0000868780
0000872448
0000830122
0000862692
0000866368
0000866787
0000866609
0000872589
0001628908
0001635718
0001629995
0001636222
0001447599
0001635881
0001630805
0001054833
0001623919
0000868725
0001458962
0000767920
0000873364
0001418121
0001163302
0001534254
0001494538
0001192448
0001526113
0000867665
0000313143
0000874016
0001877939
0000874015
0001433195
0001635650
0001322554
0001639300
0001806837
0001305773
0000844161
0000874396
0000724606
0001459200
0000840489
0001319947
0001604821
0001609809
0000874716
0000875355
0000874761
0000812191
0000874866
0000750577
0000874977
0000870826
0001477449
0000744485
0000874501
0000049754
0000811596
0000868368
0000865752
0001628063
0000875320
0000876427
0001512499
0000876167
0000740761
0000874733
0000876437
0000704415
0000877212
0001574815
0001624512
0000874292
0000876523
0000865570
0001609989
0001127703
0000875357
0001637761
0000069891
0000933141
0000875045
0001636519
0000878079
0000850483
0001560327
0001574235
0001327688
0000877860
0000878522
0000817366
0001095996
0000878520
0001642453
0001620702
0001636282
0001624794
0000878828
0001641991
0001633917
0000878927
0001040829
0001552033
0000837852
0000862861
0000877476
0000879796
0000850141
0000879585
0000875622
0000879526
0000108385
0000879101
0000880631
0000880117
0000831641
0000880807
0000804328
0000880446
0000880285
0000860546
0000874710
0000867840
0000881464
0001289945
0000789132
0000882095
0001637207
0000882104
0000881890
0000880432
0000865436
0001474777
0000879993
0001640384
0001469367
0001638290
0000880984
0000882154
0000882835
0001626853
0000879575
0000883241
0000837465
0000881787
0001640313
0000876343
0000808011
0000883293
0000849146
0000883237
0000880771
0001105705
0000882235
0000883945
0001661290
0000879911
0001502292
0000883943
0000883984
0000851968
0000883902
0000884144
0000881790
0000883980
0000771266
0000884217
0000715072
0000880266
0000884130
0000884940
0000708781
0000884497
0001302215
0000885551
0000885245
0000707855
0001005284
0000885725
0000885639
0000890908
0000863015
0000885978
0000792130
0001778784
0000886206
0000883981
0000886158
0000885550
0000882184
0001629137
0001532063
0000886137
0001467652
0001408075
0000822418
0000886035
0001644406
0000886128
0000829224
0001598981
0000885508
0000948320
0001649739
0000796534
0001379895
0000886835
0001835591
0000887733
0001641614
0000885322
0000850460
0000887568
0001590715
0001639947
0000887497
0000888228
0001408100
0000888491
0001646972
0000887905
0000887226
0000888504
0000862668
0000928911
0000889348
0001123316
0000887596
0001590383
0000813779
0000889331
0000890564
0001474432
0000867374
0000890801
0000885988
0000887730
0000889609
0000891178
0000891098
0000891014
0000872248
0000888919
0000891024
0001650729
0000890926
0000891919
0001638833
0001557746
0000891288
0000892482
0000890923
0000887637
0000886346
0000797465
0000810509
0000889423
0000885462
0000886163
0000892907
0000890319
0000892553
0000890634
0000887969
0000891532
0000718789
0001124105
0000859014
0000849547
0000893538
0000859475
0000891166
0000859598
0000887396
0001196501
0000881695
0000875657
0000891103
0000928592
0000874499
0000859070
0001422143
0001501989
0001498068
0001646228
0001590877
0001321732
0001534120
0001645590
0001650445
0001370053
0001781755
0001038773
0001395848
0001592288
0001721741
0001552451
0001473844
0001831631
0001646383
0000912766
0001355754
0001649744
0001640266
0001655075
0001227500
0001579428
0001646587
0001492422
0001653653
0001787005
0001512673
0001575189
0001648893
0001650132
0001647513
0001642122
0001649096
0001650372
0001650962
0001651094
0000922612
0001274737
0001644378
0000924805
0001659166
0001616543
0001634997
0001468666
0001660690
0001651235
0001618732
0001364479
0001651561
0001539029
0001644440
0001476204
0001027838
0000844143
0001658566
0001650664
0001358762
0000019149
0001494891
0001666138
0001656936
0001305253
0001669600
0001437491
0001747068
0001653477
0001669792
0001652130
0001958140
0000894627
0001934850
0001624322
0001747079
0001657197
0001856031
0001566469
0001667313
0001671584
0000008504
0001913971
0001453687
0001447669
0001674910
0001674335
0001114995
0001556263
0001674168
0001617406
0001557142
0001425450
0001455684
0001672013
0001702744
0001769617
0001665658
0001675149
0001665988
0001667161
0001669162
0001670592
0000036377
0001377121
0001667944
0001655020
0001272842
0001782627
0001157601
0001614818
0001078207
0000895456
0000894315
0000895126
0000886136
0000895419
0001677203
0001669812
0001669811
0000895663
0000784199
0000101984
0001704715
0001649749
0000895642
0001437352
0000895417
0000884382
0001671933
0000731653
0001467154
0000768710
0001600033
0001419625
0000049071
0000896841
0000896878
0000819913
0000896985
0000874841
0000895447
0001676479
0000897077
0000827054
0001494582
0000895655
0000897429
0000741696
0001674930
0000760498
0001562528
0001673985
0001101680
0001385867
0001438423
0001622345
0000883569
0001496048
0000804561
0000897723
0000745981
0000356171
0000896622
0000898173
0000004281
0001122976
0000898293
0000849502
0000898437
0000898174
0000714395
0000899751
0000880115
0000900349
0001402057
0001360604
0000899629
0000899715
0000928054
0000899051
0001388658
0001682325
0000828146
0000884624
0000901491
0000903129
0000902791
0001666134
0001370702
0000907649
0000902274
0000354908
0001036030
0001673358
0001604868
0000904979
0001668340
0000904978
0001355839
0000078890
0000903127
0000906326
0000946647
0000906345
0000906193
0000863157
0001677576
0000909724
0000907242
0000908598
0000903651
0001677703
0000906107
0000908255
0000891482
0000877422
0000907254
0000854398
0000908315
0001618673
0001672326
0001679273
0001694617
0000879407
0000846913
0000774569
0000907471
0001418135
0000909111
0000909281
0000890491
0001048286
0000909791
0000913142
0000906465
0000911002
0000899723
0001681622
0000906553
0000910521
0001675033
0001322505
0000909832
0000911649
0000910108
0001041368
0000894871
0000910612
0000911216
0000910606
0000036029
0000889900
0000879169
0000906780
0000912562
0000780571
0001681714
0000912145
0000912615
0000911147
0001683606
0000912767
0000911635
0000912750
0000912728
0000821127
0000912603
0000912093
0000910322
0001348911
0000912263
0000912833
0001041577
0001653558
0000892025
0000910073
0000910679
0000914398
0000901219
0000914024
0000912593
0001333835
0000913241
0000913885
0001063761
0000915389
0000911650
0000722392
0000914374
0000914156
0000003570
0000912967
0001823406
0001691337
0000912513
0000910329
0001688476
0001606698
0001675634
0001685715
0001681206
0001681903
0000912898
0000910406
0000865941
0000865911
0000895329
0000914712
0000915324
0000914536
0000912595
0001615063
0001687187
0001693256
0001640455
0001251769
0000915358
0000915779
0000916085
0000915778
0000916076
0000911109
0000916365
0000915913
0000915840
0001657788
0000916529
0000918386
0001594555
0001681689
0000915127
0001732845
0001688941
0000882796
0000709337
0000912242
0000917470
0000915912
0001470215
0000918541
0000918581
0000900075
0000918965
0000917523
0000918251
0001029506
0001141688
0001342423
0000918580
0000918160
0001045609
0000700565
0001687229
0000918946
0000881524
0000919443
0000870753
0000918646
0000916907
0000919012
0000917251
0001433642
0000713671
0001564408
0001699150
0000906709
0000920033
0001680247
0000920424
0000920527
0000919956
0001062438
0000892160
0000921503
0000864240
0000351569
0001682220
0000064279
0000061398
0000890465
0000921738
0000920371
0001681941
0000921691
0001697851
0000920465
0001694028
0000920522
0000921082
0000921500
0000764811
0000921112
0000921825
0001691303
0000922521
0000948846
0000921183
0001690769
0001687932
0000921051
0000923120
0000063296
0000922864
0000923603
0001374684
0000923796
0000923118
0000922204
0001697500
0000924822
0000926282
0000896262
0000924168
0000922717
0001614178
0000924901
0001085706
0001005188
0001098146
0000919013
0000916540
0001689923
0000908937
0000838875
0000861884
0000884731
0000928421
0000927355
0001660134
0000923680
0000726728
0001016178
0001492691
0001897982
0000928658
0000822662
0000925528
0001471265
0000853695
0000216539
0001614184
0000923601
0000927628
0001579214
0001690820
0001535379
0001692427
0000929994
0001937653
0001615165
0000929545
0001672909
0001574197
0001623925
0001636651
0000929887
0000932111
0001659122
0000931584
0000931948
0000926423
0000922475
0001096376
0001441683
0000921547
0001326190
0001631596
0001698990
0001058867
0000016614
0001690881
0001560241
0001651052
0001109242
0001138978
0000894738
0001690334
0001593548
0000915862
0001300699
0000868278
0000796764
0001652133
0000932696
0001351636
0000933036
0001701051
0000933974
0000854701
0000930405
0001532286
0000913760
0001692415
0000934648
0000935036
0000933034
0001373079
0001702750
0000935703
0000037049
0001531031
0000935494
0001701114
0001442836
0000716634
0001554875
0001798270
0001685071
0001140859
0000937941
0001139812
0000933590
0001046203
0000935724
0001132651
0000934538
0000940332
0001484949
0000930803
0000943324
0000944148
0001403475
0001685040
0000943034
0001776661
0001369290
0001544206
0001787384
0000851310
0001699039
0000940944
0000940510
0000914329
0000943819
0000743367
0001568162
0001749704
0001095651
0001630472
0001703644
0001479419
0001662524
0001620179
0001043961
0001703956
0001382821
0001701605
0001689796
0001703497
0001705843
0001668673
0001704760
0001401914
0001699018
0001626199
0001874071
0001183765
0001708405
0001507934
0001708035
0001704235
0001585608
0001679063
0001711279
0001709164
0001710366
0001428439
0001654151
0001708301
0001494650
0001710583
0001705110
0001476034
0001316016
0001701108
0001441816
0001704711
0001701732
0001494259
0001145057
0001712463
0001514416
0001710155
0001705696
0001705012
0001604950
0001604643
0001629019
0001680062
0001627857
0001711012
0001750735
0001600626
0001645460
0001477425
0001576942
0001680379
0001768224
0001690680
0001717307
0001475348
0001333986
0001647088
0001714899
0001503274
0001723866
0001083446
0001699683
0001394056
0001776197
0001418100
0001682639
0001707502
0001952073
0001570562
0001703056
0001666071
0001699136
0001455863
0001713683
0001723596
0001720201
0001717547
0001529463
0001643953
0001646188
0001641398
0001796022
0000072444
0001341317
0001724521
0001723580
0001467623
0001964789
0001423774
0001720116
0001661998
0001722684
0001412707
0001718108
0001366561
0001652362
0001261333
0001499453
0001574135
0001723089
0001655888
0001392694
0001124796
0001726978
0001366527
0001718227
0001701758
0001717556
0001813756
0001609550
0001724670
0001727196
0001725579
0001522727
0001516912
0001696558
0001698530
0001712923
0001704596
0001722992
0001662684
0001703038
0001722287
0001730346
0001660334
0000923571
0001693415
0001742089
0001505952
0001348036
0001560258
0001713832
0001823608
0001734713
0001728688
0001731831
0001733186
0000090896
0001867096
0001664703
0001728951
0001720592
0001640428
0001437958
0001667633
0001227636
0001513965
0001327607
0001707919
0001735184
0001531152
0001436208
0001398733
0001411690
0001745041
0001695357
0001660280
0001736946
0001314727
0001668370
0001691077
0001819576
0001718500
0001683695
0001727263
0001739104
0000810332
0001748773
0001710340
0001734342
0000023194
0001510487
0001680873
0001949543
0001735707
0001740332
0001738827
0001382101
0001475115
0001655759
0001656634
0001627475
0001576280
0001746129
0001722964
0001739936
0001737287
0001729944
0001746466
0001001614
0001419536
0001459839
0001169245
0001426332
0001540755
0001581280
0001739566
0001743886
0001326428
0001682745
0001747748
0001253176
0001591587
0001747009
0001751783
0001603756
0001682852
0001670349
0001692787
0001655050
0001749723
0001654595
0001653247
0001751788
0001312109
0001655210
0001802749
0001746618
0001756655
0001661181
0001728117
0001665300
0001708493
0001661460
0001621672
0001653087
0001847360
0001644903
0001754301
0001760233
0001752039
0001679788
0001752836
0001642545
0001759509
0001397702
0001357874
0001758730
0001943802
0001767837
0001769663
0001712189
0001761312
0001756497
0001568100
0001632970
0001745797
0001585521
0001595893
0001743745
0001506293
0001760542
0001642375
0001759774
0001760965
0001753706
0001760717
0001756262
0001722482
0001543151
0001071236
0001769624
0001661059
0001766368
0001163668
0001178697
0001517413
0001605888
0001764925
0001676725
0001668010
0001659352
0000275880
0001519472
0001755672
0001535527
0001757715
0000748268
0001766363
0001527753
0001623526
0001743881
0001478320
0001679363
0001766502
0001573221
0001771917
0001575434
0001739614
0001774675
0001462223
0001755953
0001731727
0001634447
0001540184
0001759425
0001680581
0001412408
0001636422
0001639225
0001772695
0001447362
0001634038
0001772177
0001773383
0001772921
0001458412
0001538716
0000822370
0001140102
0001709682
0001757073
0001043186
0001706524
0001014739
0001708341
0001784254
0001773427
0001775625
0001477333
0001768267
0001679826
0001561550
0001639825
0001734517
0001706431
0001770787
0001766400
0001787414
0001703647
0001758021
0001772016
0001551306
0001745999
0001783183
0001650648
0001720725
0000775215
0001785592
0001567925
0001561921
0001692376
0001786117
0001451809
0001479681
0001409269
0001725255
0001784797
0001786352
0001786431
0001719489
0001517375
0001701756
0001790982
0000746210
0001750106
0001790665
0001404123
0001787306
0001595527
0001793294
0001598674
0001490978
0001786248
0001628171
0001753162
0001633336
0001015383
0001674101
0001720821
0001781335
0001783180
0001782754
0001786842
0001759824
0001794783
0001770236
0001531048
0001799191
0001127537
0001481646
0001611052
0001743725
0001800347
0001725160
0001795250
0001664710
0001777319
0001784567
0001761696
0001784970
0001810140
0001883685
0001809104
0001746473
0001599901
0001718224
0001794669
0001080657
0001580864
0001751143
0001698991
0001805833
0001731289
0001806201
0001733294
0001525759
0001580063
0001810546
0001808220
0001801754
0001810019
0001689657
0001812364
0001805087
0001808865
0001800227
0001691421
0001708176
0001902733
0001813658
0001721947
0001643615
0001805284
0001579733
0001564406
0001725134
0001626450
0001522860
0001898496
0001811109
0001549595
0001814287
0001798100
0001160951
0001715768
0001802450
0001815442
0001808997
0001802665
0001484612
0001643269
0001792849
0001810806
0001321655
0001770501
0001320350
0001393584
0001928446
0001477720
0001424182
0001527508
0001898795
0001708527
0001720580
0001650696
0001806310
0001802974
0001809519
0001941536
0001472012
0001817358
0001823587
0001822966
0001031308
0001820872
0001719395
0001662579
0001819790
0001799448
0001743759
0001683553
0001745317
0001680367
0001884697
0001556739
0001439725
0001822462
0001822359
0001818383
0001788882
0001823144
0001823766
0001435049
0001783317
0001821160
0001793229
0001823466
0001820721
0001419275
0001762322
0001776909
0001741231
0001819881
0001724570
0001604477
0001821806
0001716166
0001593899
0000866291
0001720990
0001228627
0001791091
0001822479
0001823239
0001828723
0001827075
0001647639
0001820566
0001953984
0001803599
0001805077
0001402479
0001819796
0001801368
0001820953
0001827090
0001823575
0001792789
0001726445
0001698113
0001820144
0001821393
0001315098
0001822145
0001559720
0001828672
0001555279
0001821323
0001820877
0001758057
0001671858
0001826470
0001422930
0001826667
0001577526
0001801169
0001827821
0001754820
0001826892
0001825480
0001801661
0001754170
0001784535
0001772720
0001583708
0001830029
0001828972
0001757932
0001768012
0001793659
0001779020
0001831651
0001861449
0001558569
0001826600
0001725872
0001821175
0001789972
0001820190
0001801170
0001721386
0001786108
0001774155
0001823584
0001804745
0001828016
0001783398
0001839360
0001830188
0001830197
0001828852
0001110611
0001830043
0001825088
0001874315
0001832511
0001833769
0001819395
0001828182
0001836176
0001964979
0001828791
0001735803
0001835567
0001652724
0001773751
0001840572
0001840780
0001759008
0001839341
0001800637
0001498233
0001835378
0001785345
0001828536
0001807707
0001838672
0001830081
0001842556
0001841408
0001836981
0001830072
0001842279
0001840292
0001838615
0001568651
0001837240
0001891101
0001743907
0001819035
0001822523
0001838987
0001838359
0001803914
0001839412
0001178727
0001804176
0001834585
0001840856
0001835856
0001834584
0001844862
0001839998
0001846069
0001828108
0001841761
0001834622
0001839608
0001835512
0001836833
0001835256
0001834376
0001582961
0001777393
0001819253
0001829280
0001751008
0001840776
0001832466
0001769804
0001843388
0001844452
0001839530
0001651562
0001811856
0001847986
0001670076
0001431695
0001874944
0001218683
0001529274
0001829966
0001816581
0001842566
0001937987
0001637873
0001733257
0001831840
0001819928
0001841800
0001484778
0001842356
0001847064
0001664998
0001831097
0001819974
0001835579
0001601830
0001833756
0001563190
0001432133
0001645842
0001528287
0001711933
0001630627
0001833197
0001850398
0001843973
0001759655
0001780312
0001828937
0001806347
0001855509
0001785530
0001275168
0001530979
0001734722
0001829864
0001934064
0001775194
0001828161
0001445499
0001832332
0001839439
0001851003
0001804591
0001758766
0001496963
0001580560
0001617553
0001783328
0001841156
0001834494
0001823529
0001847590
0001849466
0001837686
0001847874
0001845337
0001846017
0001818093
0001846576
0001779128
0001821825
0001600641
0001854445
0001522540
0001845257
0001823945
0001671284
0001817713
0001787640
0001856525
0001806952
0001840574
0001569345
0001818874
0001850079
0001853145
0001516513
0001699838
0001817004
0001854963
0001853513
0001819574
0001835681
0001800682
0001834045
0001826000
0001856314
0001839839
0001813914
0001785424
0001770141
0001841925
0001820630
0001779474
0001766478
0001842022
0001210677
0001850902
0001723648
0001823878
0001855747
0001826457
0001845022
0001788717
0001657573
0001849253
0001846510
0001842718
0001565687
0001803901
0001854401
0001802457
0001777835
0001837412
0001845815
0001431959
0001826889
0001562088
0001235912
0001811764
0001792781
0001777921
0001816233
0001821159
0001531177
0001834488
0001111485
0001855447
0001821850
0001854139
0001625641
0001857951
0001380106
0001860543
0001286139
0001819516
0001849820
0001849670
0001831915
0001454938
0001816613
0001828318
0001816708
0001689731
0001856365
0001822928
0001832038
0001802156
0001752828
0001844280
0001805385
0001856430
0001619856
0001783879
0001691936
0001818502
0001615055
0000876883
0001856437
0001805651
0001841804
0001824734
0001857853
0001852244
0001818331
0001901637
0001819394
0001843162
0001811210
0001760689
0001858685
0001862068
0001856028
0001722438
0001824403
0001856236
0001794905
0001849867
0001826018
0001818201
0001828105
0001843724
0001720671
0001846253
0001819133
0001861622
0001824893
0001788841
0001603652
0001816017
0001588978
0001819493
0001861795
0001866550
0001866581
0001543916
0001790625
0001865107
0001504776
0001819994
0001837014
0001852633
0001650164
0001863105
0001422142
0001819584
0001777946
0001819989
0001544522
0001645070
0001856608
0001868726
0001653909
0001782170
0001839285
0001866368
0001866692
0001866757
0001822993
0001628945
0001844971
0001825024
0000315858
0001819810
0001789940
0001844392
0001753539
0001879103
0001881592
0001857086
0001869198
0001856485
0001821534
0001645873
0001830214
0001782223
0001868912
0001858257
0001653482
0001819404
0001865187
0001531978
0001826681
0001482981
0001841968
0001868941
0001807846
0001452965
0001871509
0001830210
0001825079
0001784851
0001866633
0001824920
0001855457
0001667011
0001868778
0001874178
0001607939
0001468327
0001875444
0001870600
0001870940
0001859285
0001872525
0001861522
0001819113
0001407973
0001666291
0001625278
0001689375
0001643988
0001871149
0001780201
0001557127
0001476840
0001781730
0001860782
0001830180
0001820302
0001462056
0001873529
0001609151
0001865782
0001821769
0001809987
0001867066
0001676238
0001833214
0001820201
0001477815
0001870997
0001867072
0001867949
0001874875
0001736035
0001922858
0001673481
0001809750
0001880319
0001883814
0001884516
0001873923
0001881172
0001880613
0001642896
0001881487
0001653384
0001866175
0001083301
0001878897
0000890394
0001658551
0001883788
0001851860
0001883313
0001901799
0001892322
0001880661
0001888447
0001786205
0001868275
0001899287
0001898604
0001600983
0001893311
0001648087
0001876588
0001914605
0001872789
0001877322
0000022701
0001782430
0001889539
0001879403
0001892492
0001828588
0001803737
0001899883
0001902314
0001709442
0001788999
0001903382
0001627282
0001910139
0001886894
0001929561
0001519449
0001559432
0001838406
0001932393
0001941365
0001944048
0001944558
0001948455
0001984060
0001852131
0001921963
0001953366
0000025445
0001767042
0001951667
0001955520
0001892292
0001951276
0001639438
0001965040
0001968915
0001891856
0001936224
0001923780
0001764974
0001979332
0001939365
0001967680
0001974138
0001979330
0001959348
0001940177
0001835830
0001579091
0001967649
0001802255
0001887944
0001980088
0001990354
0001952976
0001849221
0001972529
0001901440
0001968487
0001622536
0001982518
0001785279
0001794776
0001947210
0001737924
0001948864
0001952853
0001736297
0002012726
0001713445
0001964738
0001996810
0001538379
0001981599
0002000178
0001943896
0001998768
0001943289
0002002473
0001747172
0002009684
0001995807
0002013639
0001699031
0001717115
0001638826
0001997859
0001889956
0002007596
0002012706
0002014596
0001637147
0001868159
0001861107
0002019505
0002025410
0001988494
0001392272
0002011286
0002027317
0001812447
0001897762
0002015845
0001971213
0000944075
0000944739
0000945235
0000941548
0001001082
0001172222
0000912061
0000944314
0001525769
0000945114
0000920707
0000943452
0001108236
0000945436
0000934549
0000945983
0000750574
0000803352
0000945989
0000944480
0001318545
0000946842
0000928465
0000930236
0000931148
0001135185
0001295810
0000930420
0000917520
0000945394
0000892222
0000798985
0001591890
0000948708
0000893949
0000920321
0000949158
0000922621
0000943580
0000899923
0000949297
0000944695
0000949039
0000935419
0000945841
0000873044
0000949699
0000927066
0000946673
0001037949
0000944809
0001000228
0000855683
0001000180
0001000623
0001001258
0001001288
0001002225
0000927003
0001001250
0001000697
0001003344
0000949870
0001001604
0000923139
0001000298
0001001902
0000949156
0001002047
0000899597
0000799729
0000828678
0001133872
0001001385
0001002135
0001000694
0001002388
0001002037
0000877890
0001002517
0000920112
0001002811
0000924719
0001001316
0001000683
0001002531
0000865415
0001003078
0001002590
0001003022
0000874766
0001072627
0001003642
0001958086
0000095052
0001001907
0001001838
0001001171
0000910267
0000932628
0001003124
0000832847
0000861838
0001003130
0001003950
0000004187
0000933738
0001004125
0001005010
0001591877
0001063561
0001034760
0000884269
0000847383
0000896400
0001609065
0001168455
0001006045
0001005286
0000896429
0000889971
0001005229
0000896778
0000920427
0000921590
0000038264
0000899866
0001005757
0000887921
0001004989
0000880804
0000949373
0001020569
0000940942
0000919722
0001094808
0001102541
0001005731
0001006892
0001099305
0001007330
0001005210
0000949157
0000943110
0001007587
0001000230
0001006177
0001438731
0000798955
0001006281
0001008817
0001006655
0001011006
0001006269
0001051343
0000824410
0000931336
0001008586
0001060232
0001009672
0000086312
0000909494
0001010552
0001010612
0001009829
0001006424
0000722256
0001004608
0001068084
0000887936
0001012140
0000887919
0001008654
0001000209
0000914475
0001011290
0000913165
0000882873
0001402436
0001011064
0000934547
0001009356
0000705432
0001011657
0000913077
0001012019
0000880562
0000767405
0001013462
0001013238
0001013606
0000920448
0001012620
0000846617
0001014111
0001174820
0001013237
0001010470
0001127371
0001004702
0000865917
0001012771
0001013857
0001014041
0001013934
0001013706
0000886744
0001010247
0001013880
0001090425
0000911583
0000912463
0001015739
0001016281
0001016470
0001015483
0001109525
0001449732
0001015780
0000926164
0001017303
0000861878
0000065770
0001017793
0001003201
0000315849
0000320387
0001018164
0000897067
0000916457
0001017712
0000873860
0001018840
0000831547
0001019361
0001017968
0001019650
0001019272
0001016169
0001017673
0000908837
0001019737
0001166928
0001013488
0001017480
0001015328
0001019695
0000707604
0001595262
0000353191
0001019849
0000896264
0000912183
0000006885
0001021162
0001021860
0000818813
0000880059
0001018003
0001020859
0001021270
0001128227
0001019671
0001006837
0001018332
0001022408
0000946840
0001021561
0001022671
0001024657
0001023313
0001022321
0001102287
0000797721
0000944508
0001023362
0001024452
0001022469
0001020416
0001023131
0000896493
0001024732
0001022079
0001023128
0000858800
0000946090
0001015593
0001285224
0001020710
0001137547
0000832090
0001024795
0000016160
0001000753
0001018005
0001025996
0001020214
0000887359
0001026650
0000812011
0001027207
0000936395
0000845818
0000849869
0001009379
0000889930
0001170010
0001029299
0001675820
0000891293
0001029199
0001031235
0000764038
0001173431
0001029630
0001031623
0001027183
0001032067
0001029023
0000946581
0000808326
0001177845
0001034670
0001033012
0001022368
0000790024
0001034755
0001011570
0000917273
0000912888
0001018724
0000874495
0000857855
0001035443
0001028215
0001038222
0001030896
0001604778
0000873303
0001033032
0001037038
0001034239
0001032220
0001036262
0001037540
0001023459
0001013796
0001037390
0001028918
0001035983
0000866829
0001389050
0001038133
0001023731
0000941604
0000882508
0001020017
0000890066
0001070985
0001037461
0001569650
0001037976
0001071992
0001039184
0001756701
0000842518
0000919130
0000894237
0001040593
0001036188
0000887343
0000926844
0000909108
0001031028
0001040792
0001040426
0001437578
0001040470
0001040971
0001039151
0001041803
0001085243
0000817473
0001043382
0001000045
0000798528
0001010086
0001113256
0001040130
0001042783
0001041061
0000917491
0001041859
0001023860
0001487730
0001141807
0001030484
0001043156
0001036070
0001042821
0001041429
0001111559
0001045769
0001084717
0001041514
0000750686
0001036044
0001042825
0001043219
0001042809
0000070487
0001043337
0001039065
0001043277
0000914138
0001046311
0001038280
0000798359
0001036960
0001042893
0001108967
0001044590
0001042729
0001046859
0000911177
0001043533
0001045450
0001127160
0001029730
0001031203
0001043000
0001001426
0001042187
0000949874
0001037646
0001412665
0001043509
0001015155
0000835887
0001028954
0001004434
0001001115
0001046327
0000711065
0000720154
0001045014
0001011509
0000883107
0001808665
0000913341
0001678531
0000927807
0001046257
0001335190
0000833640
0001045150
0001049108
0001067701
0001209028
0001225874
0001047170
0001013272
0001431567
0001253317
0001074902
0000785968
0001128361
0001030192
0001045742
0001087934
0001045425
0001046025
0001046050
0000879635
0001050825
0000814250
0000740971
0001025378
0000719402
0001041024
0001014473
0001048268
0001046568
0001049521
0001056943
0001046131
0001050915
0000803164
0001066254
0001050007
0000711669
0001253710
0001050377
0000924717
0001041177
0000717806
0001052100
0001049606
0000948072
0000944765
0001047884
0001044777
0001055726
0001054374
0001055355
0001056288
0001822492
0001582616
0001290677
0002011641
0001047919
0001053507
0001496443
0001130144
0000842717
0001049782
0001050797
0000744452
0001083643
0000316736
0001041550
0001053584
0001734875
0001039280
0000919864
0001050743
0001024022
0001159427
0001309082
0001005101
0001084384
0001025536
0001087456
0001083522
0000732412
0001091164
0001078383
0001408534
0001052595
0001053650
0001492165
0001029744
0000895541
0001051871
0001028087
0001053352
0000846901
0000855874
0001051741
0001210227
0001056696
0001053706
0001053532
0000842694
0001047127
0001195933
0001083689
0000740260
0000811808
0001042810
0001051114
0001052054
0000865754
0001054905
0001039101
0001054102
0001051627
0001061069
0001617667
0000711772
0001057379
0001016125
0001057060
0001084876
0000893847
0001055454
0001054579
0001050446
0000706863
0001021097
0001075736
0001059272
0001050441
0001028734
0000826154
0001058290
0001528849
0000765207
0001046880
0000934473
0001499832
0001058690
0000764402
0001058623
0001059562
0001059786
0001189396
0001057352
0000702513
0001060391
0000770460
0000932781
0001391137
0001060749
0000707886
0001059763
0000792966
0001062478
0001060523
0000921557
0000907562
0001065059
0000031347
0000898770
0001061219
0001056358
0001060219
0001091735
0001056923
0001062530
0001042173
0001062047
0001051470
0001065860
0001035976
0001435064
0000945699
0001063537
0001032863
0001065049
0001065088
0001041379
0000886982
0001046995
0001040570
0000036506
0001143155
0001047857
0000826683
0001058438
0001326583
0001092796
0001069996
0001065078
0001068851
0001572334
0001070423
0001051251
0000050471
0001088034
0001080360
0001039889
0000827187
0001069353
0001754226
0001068875
0001066026
0001068300
0001011432
0001070680
0001485001
0001070524
0001070296
0001068912
0001071255
0001025835
0000913756
0000927720
0001070154
0001063344
0001045810
0001062231
0001072343
0001072847
0001073475
0001067837
0001071341
0001069157
0001373525
0001065087
0001066134
0001050690
0000827230
0001073349
0001060349
0000056679
0001066104
0001018399
0001073431
0001060990
0001058307
0001023364
0001079023
0001049502
0001075531
0001069878
0001490906
0001337885
0000850579
0001078271
0000862022
0001464343
0001079577
0001066605
0001070412
0001080099
0000759718
0001301611
0001041657
0001080056
0001057758
0000929008
0001518222
0001090514
0001009626
0001075607
0001080224
0001073429
0001275283
0001063254
0001048695
0000888953
0001065837
0001080667
0001831096
0001109546
0001034054
0001082554
0001084755
0001078099
0001082923
0000862831
0001083712
0001043604
0001774170
0001084961
0000889936
0001050606
0001059324
0001365997
0000921847
0001085280
0001065332
0001084048
0001077688
0001048477
0001077370
0001288750
0001086467
0001069202
0001085869
0001366367
0001084869
0001085621
0001085770
0001087423
0001078075
0001086600
0001076682
0001641129
0001088033
0001058299
0001086939
0001089044
0001071264
0001089907
0001066194
0001517650
0001075415
0001032761
0001142701
0001090061
0001056386
0001088825
0002012383
0001003214
0001088144
0001060426
0001091883
0001030206
0001057083
0001075706
0001091801
0001973266
0001054721
0001093207
0001084750
0001092367
0001090009
0001086222
0001089872
0001093691
0001077183
0001089143
0001040896
0001069258
0001091667
0001324424
0001058811
0001094739
0000704532
0001094007
0001094814
0001090872
0001089511
0001082526
0001643858
0001095315
0001094285
0001076939
0001062292
0001094238
0001428156
0001096199
0001094831
0001090403
0001014672
0001074909
0001068796
0000789868
0001094810
0001095858
0000706874
0001076481
0000075677
0000753224
0000846475
0001098972
0001099160
0001094348
0001049210
0001096142
0001089590
0001058444
0001096325
0001100917
0001100969
0001090908
0001144686
0001284506
0001087432
0001038074
0001103390
0001101169
0001099800
0001096752
0001097264
0001098277
0001034842
0001033905
0001080034
0001076167
0001102934
0001478454
0001095565
0001857154
0001099219
0001104855
0001062822
0001102993
0001001233
0000939767
0001070380
0001110647
0001104252
0000758938
0001103837
0001102741
0001097864
0001107216
0001040161
0001343034
0000020520
0001173489
0000836690
0001708055
0001013871
0001104506
0001169770
0001359555
0001111335
0001035267
0001037760
0001275101
0001289701
0001107332
0001109189
0001100682
0001099941
0001835632
0001108134
0001091325
0001009759
0001101396
0001075656
0001101302
0001113232
0001121142
0001110903
0001069530
0001106851
0001823882
0001108320
0001109116
0001080709
0001114220
0001110803
0000789356
0001108205
0001108924
0001040416
0001114925
0001109354
0001044435
0001113481
0001111665
0000930553
0001760173
0001114200
0001101239
0001115055
0001086319
0001059556
0000836147
0001116942
0000872912
0001022225
0001010775
0001098813
0001082038
0001114483
0001170154
0001098482
0001116132
0001263762
0001092662
0001118941
0001120295
0001110783
0001081206
0000917968
0001037016
0000947397
0000750199
0001290476
0001123270
0000937098
0001022652
0001100412
0001122342
0001124140
0001084765
0001110805
0001097149
0000864559
0000037748
0001060736
0001123494
0001029142
0001161154
0001070494
0001104038
0001123360
0001123647
0001102266
0001126975
0001001871
0001121484
0001104485
0001635235
0001064728
0001129633
0001129155
0000109758
0001135152
0001123979
0000817720
0001103982
0000926326
0001035092
0000817129
0001137774
0000946563
0001139463
0001065034
0000923284
0001136294
0001304740
0001069183
0001101215
0001113668
0001137411
0001092914
0001277902
0001004673
0001120096
0001099977
0001141103
0000878526
0001120914
0001142750
0001136869
0001144980
0001048620
0001133260
0001166003
0001143513
0001156388
0001157377
0001156039
0001326380
0000707388
0001574532
0000105319
0001064863
0000721693
0001156295
0001071739
0001478726
0001126328
0001158449
0000817979
0001144215
0001141299
0001121783
0001112412
0001042776
0001145460
0000892537
0001181001
0001159281
0001157647
0001088856
0001162461
0001156041
0001144879
0001157758
0001424847
0001120970
0001158324
0001166388
0001175483
0001158463
0001162315
0001228454
0001112920
0001166291
0001065280
0001168696
0001159154
0001162556
0000906192
0001168213
0001133470
0001126216
0000868271
0001169445
0001130713
0001168197
0001139570
0000868857
0001093649
0001167419
0001062613
0001103021
0001478085
0001372020
0001071941
0001106644
0001171014
0000922863
0001260221
0001378453
0001045829
0001039399
0001056285
0001529113
0001138951
0001172052
0001171759
0001096788
0001575571
0001166036
0001117171
0001164863
0001156375
0001165002
0001142417
0001645676
0001174922
0001120193
0001157817
0001066923
0001166380
0001397807
0001157762
0001133311
0001171825
0001145255
0001168556
0001089063
0001169769
0001176334
0001131227
0001179060
0001060822
0001178970
0001077428
0001185348
0001177702
0001084991
0001168054
0001144320
0001136174
0001746109
0001171486
0001101020
0000787251
0001204560
0001196298
0001315399
0001159036
0000892986
0000947559
0001213660
0001179929
0001191857
0001160858
0001210708
0001120830
0001270400
0001053374
0001226308
0001288855
0001122904
0001183186
0001108827
0001224370
0001172852
0001364856
0001222915
0001234006
0001241199
0001592329
0001220754
0001528843
0001178575
0001254595
0000894081
0001082564
0001255474
0001065696
0001173204
0001258602
0001232582
0000278165
0001162747
0001803696
0001177394
0001262279
0001260968
0001039828
0001494904
0001414374
0001515156
0001035748
0001223389
0001008848
0001264755
0001261654
0001266719
0001206264
0001292900
0001265131
0001267238
0001264707
0001209821
0001404592
0001202273
0001268671
0001227654
0001062449
0001257640
0001692819
0001267097
0001259429
0001057689
0001423869
0001140486
0001308606
0001224133
0001108524
0001095277
0001262104
0001172136
0001172480
0001273685
0001398006
0001276520
0001412109
0001061983
0001295401
0001059262
0001278021
0001278027
0001165231
0001268984
0001253986
0001282543
0001076195
0001117057
0001753886
0001286681
0001126741
0001096339
0000830916
0001141391
0001283709
0001135711
0001287032
0001274057
0001182129
0001163932
0001287151
0001273801
0001652044
0001162324
0001288741
0000899460
0001288403
0001089638
0001289419
0001289340
0001289460
0001297587
0001111247
0001289505
0001505732
0001283073
0001289863
0001203900
0001048685
0001289490
0001289850
0001142512
0001050550
0001280784
0001476264
0000854800
0001290900
0001211351
0001452217
0001375063
0001124941
0001292055
0001397533
0001292556
0001500213
0001080014
0001173514
0001262823
0001298946
0001292426
0001007019
0001576263
0001288784
0001283582
0000884219
0001219210
0001259550
0001297720
0001282613
0001280452
0001176316
0001271625
0001289308
0001297401
0001296445
0001239188
0001299033
0001298675
0001297996
0001386926
0001289236
0001493552
0001730984
0001419852
0001144354
0001283630
0001113809
0001294538
0001299704
0001299139
0001299969
0001070698
0001845290
0001298341
0001444397
0001301787
0001298978
0001302028
0001300514
0001301236
0001617242
0000729156
0001137083
0001267201
0001578776
0001303942
0001301106
0001302343
0001287750
0001652106
0001289848
0001305168
0001304421
0001285785
0001124524
0001287865
0001299688
0001297704
0001466292
0001342958
0001306830
0001296435
0001297067
0001320934
0001562463
0001752036
0001295947
0001308208
0001178409
0001308547
0001271940
0001309108
0001575360
0001767258
0001307954
0001303313
0001301063
0001297989
0000738214
0001413440
0001725526
0001324410
0001288359
0001277092
0001676667
0001501364
0001311370
0001299709
0001310313
0001278384
0001297024
0001272597
0001542299
0001312073
0001320854
0001302387
0001130591
0001500375
0001318084
0001093557
0001136352
0001316625
0001023734
0001171155
0001332551
0001281922
0001315695
0001318008
0001316835
0001318484
0001297341
0001315257
0001162245
0001319161
0001302707
0001319229
0000778164
0001571949
0001320947
0001265888
0001486058
0001675192
0001286613
0001317630
0001493491
0001318568
0001104042
0001649709
0001405049
0001320461
0001315255
0001114714
0001322705
0001336644
0001329799
0001317577
0001104349
0001323531
0001031316
0001324189
0001323885
0001324272
0001323974
0001095291
0001212545
0001483096
0001485527
0001130866
0001323468
0001325955
0001324404
0001316656
0001252849
0001175151
0001324570
0001320695
0001205727
0001273441
0001543643
0001328650
0001081078
0001317945
0001222840
0001762239
0001321741
0001316898
0001011835
0000017485
0001265572
0001051514
0001437107
0001271057
0001594012
0001569994
0001138817
0001329919
0001722010
0001303330
0001070045
0001331301
0001307752
0001159167
0001333513
0001334478
0001364885
0000712034
0001340041
0001324948
0001344154
0001018979
0001331745
0001281774
0001330849
0001131324
0001332602
0001333170
0001331520
0001332349
0001334978
0001123541
0001332896
0000885306
0001325281
0000820027
0001693577
0001236997
0001334036
0001336047
0000867773
0001336917
0001071625
0001336920
0001293593
0000836429
0001347652
0001134203
0001331875
0001521951
0001344596
0001325460
0001332199
0001337068
0001338065
0001324759
0001635626
0001346980
0001323653
0001276187
0001339048
0001339947
0001311538
0001338613
0001361709
0001301206
0001323033
0000943184
0001339455
0001335258
0001316645
0001334933
0001331427
0001328571
0002013745
0001321268
0001339553
0001339605
0000832488
0001058090
0001342126
0001178104
0001172631
0000710846
0001136893
0001365555
0001260625
0001340282
0001009891
0001338401
0001341318
0001345840
0001235468
0001321646
0001344980
0001345126
0001344907
0001344413
0001515003
0001347178
0001735828
0001338578
0001368007
0001623595
0001350593
0001004724
0001350653
0001272830
0001694426
0001352302
0001239819
0001131554
0001353209
0001354513
0001403385
0001648428
0001390162
0001324105
0001329606
0001580185
0001514131
0001469134
0001272550
0001342287
0001533454
0000711665
0000896842
0001212458
0001510326
0001537667
0001537054
0001488813
0001537951
0001538263
0001223862
0001372375
0001428522
0001530950
0001201663
0001353283
0001326801
0001540729
0001236275
0001541401
0001540947
0001539838
0001081745
0001540400
0001528393
0001509892
0001532750
0000793306
0001534701
0001535031
0001487198
0001401667
0001550695
0001491576
0001367311
0001237831
0001373715
0001264587
0001370755
0001546417
0001401257
0001327567
0001633142
0001386858
0001547638
0001177609
0001538822
0001398987
0001354327
0001169561
0001483830
0001354217
0001356949
0001070081
0001223786
0001070336
0001355096
0001355855
0001131907
0001282648
0001357204
0001320414
0001357971
0001358356
0001357615
0001490630
0001487052
0001357326
0001327364
0001452477
0001333493
0001158895
0001337013
0001323648
0001716726
0001282266
0001350381
0001364099
0001362004
0001171662
0001360886
0001357371
0001361658
0001360901
0001014507
0001361983
0001361937
0001362468
0001178879
0001287808
0001347613
0001847398
0001362491
0001130258
0001823365
0001355823
0001355786
0001371446
0001364541
0001365135
0001341766
0001362705
0001282224
0001364250
0001365216
0001359841
0001125920
0001274494
0001367083
0001354866
0001010286
0001333248
0001121702
0001160791
0001349437
0001144945
0001366868
0001113148
0001363890
0001325670
0001485176
0001370450
0001270436
0001361538
0000007431
0001367396
0001367064
0001311486
0001368458
0001444598
0001360565
0001171298
0001063494
0001111928
0001369568
0001276591
0001269871
0001405197
0001368148
0001367644
0001282631
0001277250
0001371781
0001313024
0001341141
0001373980
0001158223
0001364100
0001373561
0001374535
0000809248
0001371489
0001375557
0001372807
0001170991
0001375247
0001373835
0001372664
0001372000
0001368265
0001289636
0001635261
0001483195
0001372813
0001368622
0001044577
0001507277
0001140215
0001377013
0001528610
0001375320
0001377630
0001168195
0001157780
0001379378
0001375365
0001377789
0001379041
0001380509
0001378950
0001142576
0001380393
0001360214
0001396446
0001385544
0001379661
0001138723
0001381197
0001382230
0001379785
0001369774
0001381531
0001350072
0001381668
0001378590
0001173752
0001366246
0001829576
0001372041
0001384195
0001382911
0001381325
0001358190
0001294250
0001314772
0001349436
0001383650
0001383312
0001466815
0001326652
0001124608
0001377936
0001393818
0001385292
0001385280
0001388430
0001385830
0002018064
0001304464
0001317872
0001388133
0001385508
0000041023
0001383414
0001389305
0001175609
0001145197
0001389545
0001302350
0001244937
0001138639
0001615418
0001422105
0001338042
0001392562
0001391127
0001386570
0001393612
0001718405
0001324245
0001388855
0001320760
0001378846
0001411579
0001393726
0001138830
0001361872
0001335106
0001391390
0001311369
0001394074
0001392972
0001401106
0001158172
0001326003
0001207074
0001163698
0000937556
0001396279
0001358071
0001394954
0001397516
0001362718
0001388195
0001390844
0001131096
0001393883
0001319327
0001392091
0001394159
0001411207
0001296205
0001269026
0001396838
0001398551
0001397187
0001377720
0001464790
0001099590
0001124610
0001398797
0001087294
0001400400
0001402328
0000087050
0001376339
0001375686
0001667939
0001360530
0001355042
0000816761
0001398664
0001353970
0001374328
0001461640
0001287668
0001397821
0001401573
0001405277
0001368365
0001408198
0001397911
0001396440
0001401923
0001408287
0001407623
0001401564
0001549276
0001376812
0001407739
0001230355
0001405287
0001328792
0001376139
0001384072
0001606180
0001399249
0001403568
0001105184
0001292653
0001201792
0001405073
0001125376
0001396033
0001419521
0001403256
0001401521
0001493225
0001393744
0001427570
0001054303
0001403853
0001409493
0001410838
0001410172
0001402305
0001413507
0001406574
0001397047
0001431372
0001088787
0001227930
0001409171
0001157408
0001410711
0001404306
0001254419
0001461755
0001409375
0001406587
0001386198
0001117106
0001415301
0001336545
0001402829
0001410056
0001415404
0001410703
0001541119
0001120370
0001413898
0001600125
0001410471
0000093631
0001383099
0001411303
0001419951
0001411861
0001180145
0001425565
0001410636
0001411158
0001574774
0001505611
0001385818
0001403161
0001420800
0001415277
0001403431
0000744218
0001413329
0001275791
0001417398
0001420302
0001340652
0001375151
0001739942
0001516479
0001421517
0001407463
0001404912
0001469510
0001421182
0001401688
0001423221
0001414475
0001217234
0001162194
0001200375
0001421461
0001828376
0001423689
0001107694
0001426945
0001400810
0001439095
0001208208
0001096738
0001425205
0001434588
0001550603
0001422892
0001434842
0000314227
0001430602
0001390312
0001436425
0001414932
0001437071
0001436126
0001418919
0001368308
0001627014
0001386301
0001267602
0001434620
0001434729
0000718877
0001434621
0001433660
0001439288
0001378992
0001440024
0001473597
0001441849
0001167178
0000700923
0001442145
0001419178
0001499686
0001730168
0001394156
0001437106
0001437226
0001452575
0001351285
0001435508
0001111817
0001124804
0001309402
0001438231
0001382219
0001448301
0001145404
0001449488
0001418133
0001530249
0001442505
0001441236
0001524741
0001432150
0001305323
0001451951
0001437925
0001453820
0001453814
0001125914
0001399521
0001590799
0001456772
0001040719
0000887247
0001397016
0001527590
0001465885
0000843006
0001376321
0001403794
0001447051
0001457543
0001450704
0001468328
0000025743
0001464423
0001469433
0001468174
0001262039
0001465128
0000880460
0001467027
0001373988
0001355848
0001469606
0001444363
0001334325
0001470699
0001471038
0001463833
0001471458
0001471088
0001395942
0001285819
0000850261
0001679688
0001467760
0000822708
0001910851
0001418819
0001845799
0001467761
0001082754
0000890447
0001460602
0001474735
0001465740
0001466538
0001460329
0001428205
0001497275
0001474098
0001476150
0001425715
0001411342
0001406666
0001468516
0001422109
0001158420
0001410098
0001473078
0001092699
0001404973
0001430592
0001489136
0001471261
0001325879
0001429764
0001167294
0001442741
0001297336
0001089531
0001285550
0001474439
0001479426
0001463972
0001356857
0001472093
0001449792
0001399855
0001469372
0000860413
0001470795
0001358483
0001407450
0001481506
0000826773
0001858681
0001446847
0001287213
0001477246
0001117297
0001099290
0001418076
0000844856
0001483510
0001463959
0001398805
0001386278
0001486159
0001478950
0001828962
0001024126
0001520566
0001374310
0001086909
0001365101
0001487371
0001471727
0001288469
0001412347
0001486800
0001337619
0001473334
0001118037
0001305294
0001487990
0001402281
0001327471
0001488075
0001421561
0001476045
0001476765
0001175454
0001227025
0001182325
0001365916
0001464963
0001283843
0001481792
0001485469
0001286225
0001489979
0001490165
0001491501
0001490983
0001472787
0001425287
0001484478
0001131457
0001568319
0001318605
0001326396
0001482512
0001476719
0001160958
0001492915
0001487101
0001488917
0001488139
0001487952
0001176373
0001490892
0001294924
0001490161
0001490636
0001453593
0001495479
0001495320
0001485964
0001379246
0001486957
0001496623
0001010858
0001426800
0000319458
0001564822
0001608638
0001479094
0001533526
0001481832
0001361103
0001566897
0001497770
0000913277
0001559865
0001333822
0001497645
0001494448
0001299130
0001235007
0001175535
0001490013
0001499912
0001389170
0001500217
0001501078
0001498021
0001496099
0001492298
0001495925
0001498710
0001502034
0001401680
0001502012
0001366649
0001365038
0001981792
0001487428
0001504008
0001493182
0001396814
0001131543
0001443646
0001631825
0001427925
0001162112
0001439199
0000880177
0001817944
0001687221
0001487986
0001369786
0001437557
0001505823
0001506932
0001495569
0001310114
0001425292
0001507986
0001356576
0001434728
0001505413
0001507615
0001509991
0001487712
0001490349
0001169988
0001495222
0001500836
0001509432
0001501585
0001615817
0001271024
0001511198
0001423542
0001485933
0001489096
0001511337
0001564902
0001502749
0001392380
0001084817
0001312928
0001511071
0001504461
0001230276
0001508171
0001514281
0001546381
0001383729
0001366684
0001311230
0001515980
0001128725
0001514705
0001482541
0001507385
0001452857
0001516007
0001584509
0001516973
0001710482
0001504619
0001506439
0000827876
0001122388
0001517175
0001510295
0001504747
0001174266
0001617640
0001517401
0001399935
0001592058
0001158863
0001314592
0001491419
0001518832
0001513971
0001518621
0001518715
0001519632
0001137091
0001512077
0001466026
0001476651
0001519401
0001495231
0001490281
0001512074
0001514991
0001340127
0001463101
0001511737
0001513363
0001364962
0001403528
0001577785
0001479750
0001145986
0001524025
0001439404
0001514743
0001180079
0001274792
0001275712
0001415336
0001569329
0000931059
0001080747
0001301031
0001463258
0001443669
0001352010
0001509589
0001525287
0001378718
0001522327
0001311241
0001526796
0001129260
0001493594
0000890264
0001525998
0001524931
0001490930
0001527709
0001520006
0001527622
0001534992
0001313275
0001528129
0001462633
0001375271
0001491778
0001330421
0001519751
0001307579
0001528837
0001117733
0001528930
0001527166
0001627487
0001524471
0001524472
0001529377
0001529864
0001524223
0001771515
0001713952
0001083220
0001522420
0000805928
0001528396
0001520300
0001499717
0001528356
0001430306
0001532930
0001520744
0001475841
0000771950
0001524358
0001520697
0001360683
0000911326
0001526952
0001526119
0001527541
0001023994
0001533924
0001533932
0001466301
0001534504
0001534287
0001345016
0001429260
0001408278
0001420850
0001461993
0001237746
0001406251
0001431897
0001526520
0001536035
0001183941
0001325702
0001314475
0001762303
0001728205
0001314102
0001095981
0001808898
0001476170
0001561680
0001216596
0001138118
0001279363
0001057436
0001280058
0001692063
0001178670
0001142596
0001106942
0001275187
0001282398
0001091171
0001282977
0001235010
0001275014
0001420525
0001283140
0001267130
0001367859
0001284812
0001404296
0001278752
0001286043
0000902622
0001261888
0001599298
0001389072
0001140310
0001383571
0001362925
0000949428
0001355128
0001441567
0001337298
0001565228
0001815849
0001031029
0001547063
0001823794
0001590714
0001287098
0001796209
0001739445
0001581760
0001662991
0001640147
0001714562
0001566373
0001695295
0001822250
0001326110
0001833498
