0001327688
0000877860
0000878522
0000817366
0001095996
0000878520
0001642453
0001620702
0001636282
0001624794
0000878828
0001641991
0001633917
0000878927
0001040829
0001552033
0000837852
0000862861
0000877476
0000879796
0000850141
0000879585
0000875622
0000879526
0000108385
0000879101
0000880631
0000880117
0000831641
0000880807
0000804328
0000880446
0000880285
0000860546
0000874710
0000867840
0000881464
0001289945
0000789132
0000882095
0001637207
0000882104
0000881890
0000880432
0000865436
0001474777
0000879993
0001640384
0001469367
0001638290
0000880984
0000882154
0000882835
0001626853
0000879575
0000883241
0000837465
0000881787
0001640313
0000876343
0000808011
0000883293
0000849146
0000883237
0000880771
0001105705
0000882235
0000883945
0001661290
0000879911
0001502292
0000883943
0000883984
0000851968
0000883902
0000884144
0000881790
0000883980
0000771266
0000884217
0000715072
0000880266
0000884130
0000884940
0000708781
0000884497
0001302215
0000885551
0000885245
0000707855
0001005284
0000885725
0000885639
0000890908
0000863015
0000885978
0000792130
0001778784
0000886206
0000883981
0000886158
0000885550
0000882184
0001629137
0001532063
0000886137
0001467652
0001408075
0000822418
0000886035
0001644406
0000886128
0000829224
0001598981
0000885508
0000948320
0001649739
0000796534
0001379895
0000886835
0001835591
0000887733
0001641614
0000885322
0000850460
0000887568
0001590715
0001639947
0000887497
0000888228
0001408100
0000888491
0001646972
0000887905
0000887226
0000888504
0000862668
0000928911
0000889348
0001123316
0000887596
0001590383
0000813779
0000889331
0000890564
0001474432
0000867374
0000890801
0000885988
0000887730
0000889609
0000891178
0000891098
0000891014
0000872248
0000888919
0000891024
0001650729
0000890926
0000891919
0001638833
0001557746
0000891288
0000892482
0000890923
0000887637
0000886346
0000797465
0000810509
0000889423
0000885462
0000886163
0000892907
0000890319
0000892553
0000890634
0000887969
0000891532
0000718789
0001124105
0000859014
0000849547
0000893538
0000859475
0000891166
0000859598
0000887396
0001196501
0000881695
0000875657
0000891103
0000928592
0000874499
0000859070
0001422143
0001501989
0001498068
0001646228
0001590877
0001321732
0001534120
0001645590
0001650445
0001370053
0001781755
0001038773
0001395848
0001592288
0001721741
0001552451
0001473844
0001831631
0001646383
0000912766
0001355754
0001649744
0001640266
0001655075
0001227500
0001579428
0001646587
0001492422
0001653653
0001787005
0001512673
0001575189
0001648893
0001650132
0001647513
0001642122
0001649096
0001650372
0001650962
0001651094
0000922612
0001274737
0001644378
0000924805
0001659166
0001616543
0001634997
0001468666
0001660690
0001651235
0001618732
0001364479
0001651561
0001539029
0001644440
0001476204
0001027838
0000844143
0001658566
0001650664
0001358762
0000019149
0001494891
0001666138
0001656936
0001305253
0001669600
0001437491
0001747068
0001653477
0001669792
0001652130
0001958140
0000894627
0001934850
0001624322
0001747079
0001657197
0001856031
0001566469
0001667313
0001671584
0000008504
0001913971
0001453687
0001447669
0001674910
0001674335
0001114995
0001556263
0001674168
0001617406
0001557142
0001425450
0001455684
0001672013
0001702744
0001769617
0001665658
0001675149
0001665988
0001667161
0001669162
0001670592
0000036377
0001377121
0001667944
0001655020
0001272842
0001782627
0001157601
0001614818
0001078207
0000895456
0000894315
0000895126
0000886136
0000895419
0001677203
0001669812
0001669811
0000895663
0000784199
0000101984
0001704715
0001649749
0000895642
0001437352
0000895417
0000884382
0001671933
0000731653
0001467154
0000768710
0001600033
0001419625
0000049071
0000896841
0000896878
0000819913
0000896985
0000874841
0000895447
0001676479
0000897077
0000827054
0001494582
0000895655
0000897429
0000741696
0001674930
0000760498
0001562528
0001673985
0001101680
0001385867
0001438423
0001622345
0000883569
0001496048
0000804561
0000897723
0000745981
0000356171
0000896622
0000898173
0000004281
0001122976
0000898293
0000849502
0000898437
0000898174
0000714395
0000899751
0000880115
0000900349
0001402057
0001360604
0000899629
0000899715
0000928054
0000899051
0001388658
0001682325
0000828146
0000884624
0000901491
0000903129
0000902791
0001666134
0001370702
0000907649
0000902274
0000354908
0001036030
0001673358
0001604868
0000904979
0001668340
0000904978
0001355839
0000078890
0000903127
0000906326
0000946647
0000906345
0000906193
0000863157
0001677576
0000909724
0000907242
0000908598
0000903651
0001677703
0000906107
0000908255
0000891482
0000877422
0000907254
0000854398
0000908315
0001618673
0001672326
0001679273
0001694617
0000879407
0000846913
0000774569
0000907471
0001418135
0000909111
0000909281
0000890491
0001048286
0000909791
0000913142
0000906465
0000911002
0000899723
0001681622
0000906553
0000910521
0001675033
0001322505
0000909832
0000911649
0000910108
0001041368
0000894871
0000910612
0000911216
0000910606
0000036029
0000889900
0000879169
0000906780
0000912562
0000780571
0001681714
0000912145
0000912615
0000911147
0001683606
0000912767
0000911635
0000912750
0000912728
0000821127
0000912603
0000912093
0000910322
0001348911
0000912263
0000912833
0001041577
0001653558
0000892025
0000910073
0000910679
0000914398
0000901219
0000914024
0000912593
0001333835
0000913241
0000913885
0001063761
0000915389
0000911650
0000722392
0000914374
0000914156
0000003570
0000912967
0001823406
0001691337
0000912513
0000910329
0001688476
0001606698
0001675634
0001685715
0001681206
0001681903
0000912898
0000910406
0000865941
0000865911
0000895329
0000914712
0000915324
0000914536
0000912595
0001615063
0001687187
0001693256
0001640455
0001251769
0000915358
0000915779
0000916085
0000915778
0000916076
0000911109
0000916365
0000915913
0000915840
0001657788
0000916529
0000918386
0001594555
0001681689
0000915127
0001732845
0001688941
0000882796
0000709337
0000912242
0000917470
0000915912
0001470215
0000918541
0000918581
0000900075
0000918965
0000917523
0000918251
0001029506
0001141688
0001342423
0000918580
0000918160
0001045609
0000700565
0001687229
0000918946
0000881524
0000919443
0000870753
0000918646
0000916907
0000919012
0000917251
0001433642
0000713671
0001564408
0001699150
0000906709
0000920033
0001680247
0000920424
0000920527
0000919956
0001062438
0000892160
0000921503
0000864240
0000351569
0001682220
0000064279
0000061398
0000890465
0000921738
0000920371
0001681941
0000921691
0001697851
0000920465
0001694028
0000920522
0000921082
0000921500
0000764811
0000921112
0000921825
0001691303
0000922521
0000948846
0000921183
0001690769
0001687932
0000921051
0000923120
0000063296
0000922864
0000923603
0001374684
0000923796
0000923118
0000922204
0001697500
0000924822
0000926282
0000896262
0000924168
0000922717
0001614178
0000924901
0001085706
0001005188
0001098146
0000919013
0000916540
0001689923
0000908937
0000838875
0000861884
0000884731
0000928421
0000927355
0001660134
0000923680
0000726728
0001016178
0001492691
0001897982
0000928658
0000822662
0000925528
0001471265
0000853695
0000216539
0001614184
0000923601
0000927628
0001579214
0001690820
0001535379
0001692427
0000929994
0001937653
0001615165
0000929545
0001672909
0001574197
0001623925
0001636651
0000929887
0000932111
0001659122
0000931584
0000931948
0000926423
0000922475
0001096376
0001441683
0000921547
0001326190
0001631596
0001698990
0001058867
0000016614
0001690881
0001560241
0001651052
0001109242
0001138978
0000894738
0001690334
0001593548
0000915862
0001300699
0000868278
0000796764
0001652133
0000932696
0001351636
0000933036
0001701051
0000933974
0000854701
0000930405
0001532286
0000913760
0001692415
0000934648
0000935036
0000933034
0001373079
0001702750
0000935703
0000037049
0001531031
0000935494
0001701114
0001442836
0000716634
0001554875
0001798270
0001685071
0001140859
0000937941
0001139812
0000933590
0001046203
0000935724
0001132651
0000934538
0000940332
0001484949
0000930803
0000943324
0000944148
0001403475
0001685040
0000943034
0001776661
0001369290
0001544206
0001787384
0000851310
0001699039
0000940944
0000940510
0000914329
0000943819
0000743367
0001568162
0001749704
0001095651
0001630472
0001703644
0001479419
0001662524
0001620179
0001043961
0001703956
0001382821
0001701605
0001689796
0001703497
0001705843
0001668673
0001704760
0001401914
0001699018
0001626199
0001874071
0001183765
0001708405
0001507934
0001708035
0001704235
0001585608
0001679063
0001711279
0001709164
0001710366
0001428439
0001654151
0001708301
0001494650
0001710583
0001705110
0001476034
0001316016
0001701108
0001441816
0001704711
0001701732
0001494259
0001145057
0001712463
0001514416
0001710155
0001705696
0001705012
0001604950
0001604643
0001629019
0001680062
0001627857
0001711012
0001750735
0001600626
0001645460
0001477425
0001576942
0001680379
0001768224
0001690680
0001717307
0001475348
0001333986
0001647088
0001714899
0001503274
0001723866
0001083446
0001699683
0001394056
0001776197
0001418100
0001682639
0001707502
0001952073
0001570562
0001703056
0001666071
0001699136
0001455863
0001713683
0001723596
0001720201
0001717547
0001529463
0001643953
0001646188
0001641398
0001796022
0000072444
0001341317
0001724521
0001723580
0001467623
0001964789
0001423774
0001720116
0001661998
0001722684
0001412707
0001718108
0001366561
0001652362
0001261333
0001499453
0001574135
0001723089
0001655888
0001392694
0001124796
0001726978
0001366527
0001718227
0001701758
0001717556
0001813756
0001609550
0001724670
0001727196
0001725579
0001522727
0001516912
0001696558
0001698530
0001712923
0001704596
0001722992
0001662684
0001703038
0001722287
0001730346
0001660334
0000923571
0001693415
0001742089
0001505952
0001348036
0001560258
0001713832
0001823608
0001734713
0001728688
0001731831
0001733186
0000090896
0001867096
0001664703
0001728951
0001720592
0001640428
0001437958
0001667633
0001227636
0001513965
0001327607
0001707919
0001735184
0001531152
0001436208
0001398733
0001411690
0001745041
0001695357
0001660280
0001736946
0001314727
0001668370
0001691077
0001819576
0001718500
0001683695
0001727263
0001739104
0000810332
0001748773
0001710340
0001734342
0000023194
0001510487
0001680873
0001949543
0001735707
0001740332
0001738827
0001382101
0001475115
0001655759
0001656634
0001627475
0001576280
0001746129
0001722964
0001739936
0001737287
0001729944
0001746466
0001001614
0001419536
0001459839
0001169245
0001426332
0001540755
0001581280
0001739566
0001743886
0001326428
0001682745
0001747748
0001253176
0001591587
0001747009
0001751783
0001603756
0001682852
0001670349
0001692787
0001655050
0001749723
0001654595
0001653247
0001751788
0001312109
0001655210
0001802749
0001746618
0001756655
0001661181
0001728117
0001665300
0001708493
0001661460
0001621672
0001653087
0001847360
0001644903
0001754301
0001760233
0001752039
0001679788
0001752836
0001642545
0001759509
0001397702
0001357874
0001758730
0001943802
0001767837
0001769663
0001712189
0001761312
0001756497
0001568100
0001632970
0001745797
0001585521
0001595893
0001743745
0001506293
0001760542
0001642375
0001759774
0001760965
0001753706
0001760717
0001756262
0001722482
0001543151
0001071236
0001769624
0001661059
0001766368
0001163668
0001178697
0001517413
0001605888
0001764925
0001676725
0001668010
0001659352
0000275880
0001519472
0001755672
0001535527
0001757715
0000748268
0001766363
0001527753
0001623526
0001743881
0001478320
0001679363
0001766502
0001573221
0001771917
0001575434
0001739614
0001774675
0001462223
0001755953
0001731727
0001634447
0001540184
0001759425
0001680581
0001412408
0001636422
0001639225
0001772695
0001447362
0001634038
0001772177
0001773383
0001772921
0001458412
0001538716
0000822370
0001140102
0001709682
0001757073
0001043186
0001706524
0001014739
0001708341
0001784254
0001773427
0001775625
0001477333
0001768267
0001679826
0001561550
0001639825
0001734517
0001706431
0001770787
0001766400
0001787414
0001703647
0001758021
0001772016
0001551306
0001745999
0001783183
0001650648
0001720725
0000775215
0001785592
0001567925
0001561921
0001692376
0001786117
0001451809
0001479681
0001409269
0001725255
0001784797
0001786352
0001786431
0001719489
0001517375
0001701756
0001790982
0000746210
0001750106
0001790665
0001404123
0001787306
0001595527
0001793294
0001598674
0001490978
0001786248
0001628171
0001753162
0001633336
0001015383
0001674101
0001720821
0001781335
0001783180
0001782754
0001786842
0001759824
0001794783
0001770236
0001531048
0001799191
0001127537
0001481646
0001611052
0001743725
0001800347
0001725160
0001795250
0001664710
0001777319
0001784567
0001761696
0001784970
0001810140
0001883685
0001809104
0001746473
0001599901
0001718224
0001794669
0001080657
0001580864
0001751143
0001698991
0001805833
0001731289
0001806201
0001733294
0001525759
0001580063
0001810546
0001808220
0001801754
0001810019
0001689657
0001812364
0001805087
0001808865
0001800227
0001691421
0001708176
0001902733
0001813658
0001721947
0001643615
0001805284
0001579733
0001564406
0001725134
0001626450
0001522860
0001898496
0001811109
0001549595
0001814287
0001798100
0001160951
0001715768
0001802450
0001815442
0001808997
0001802665
0001484612
0001643269
0001792849
0001810806
0001321655
0001770501
0001320350
0001393584
0001928446
0001477720
0001424182
0001527508
0001898795
0001708527
0001720580
0001650696
0001806310
0001802974
0001809519
0001941536
0001472012
0001817358
0001823587
0001822966
0001031308
0001820872
0001719395
0001662579
0001819790
0001799448
0001743759
0001683553
0001745317
0001680367
0001884697
0001556739
0001439725
0001822462
0001822359
0001818383
0001788882
0001823144
0001823766
0001435049
0001783317
0001821160
0001793229
0001823466
0001820721
0001419275
0001762322
0001776909
0001741231
0001819881
0001724570
0001604477
0001821806
0001716166
0001593899
0000866291
0001720990
0001228627
0001791091
0001822479
0001823239
0001828723
0001827075
0001647639
0001820566
0001953984
0001803599
0001805077
0001402479
0001819796
0001801368
0001820953
0001827090
0001823575
0001792789
0001726445
0001698113
0001820144
0001821393
0001315098
0001822145
0001559720
0001828672
0001555279
0001821323
0001820877
0001758057
0001671858
0001826470
0001422930
0001826667
0001577526
0001801169
0001827821
0001754820
0001826892
0001825480
0001801661
0001754170
0001784535
0001772720
0001583708
0001830029
0001828972
0001757932
0001768012
0001793659
0001779020
0001831651
0001861449
0001558569
0001826600
0001725872
0001821175
0001789972
0001820190
0001801170
0001721386
0001786108
0001774155
0001823584
0001804745
0001828016
0001783398
0001839360
0001830188
0001830197
0001828852
0001110611
0001830043
0001825088
0001874315
0001832511
0001833769
0001819395
0001828182
0001836176
0001964979
0001828791
0001735803
0001835567
0001652724
0001773751
0001840572
0001840780
0001759008
0001839341
0001800637
0001498233
0001835378
0001785345
0001828536
0001807707
0001838672
0001830081
0001842556
0001841408
0001836981
0001830072
0001842279
0001840292
0001838615
0001568651
0001837240
0001891101
0001743907
0001819035
0001822523
0001838987
0001838359
0001803914
0001839412
0001178727
0001804176
0001834585
0001840856
0001835856
0001834584
0001844862
0001839998
0001846069
0001828108
0001841761
0001834622
0001839608
0001835512
0001836833
0001835256
0001834376
0001582961
0001777393
0001819253
0001829280
0001751008
0001840776
0001832466
0001769804
0001843388
0001844452
0001839530
0001651562
0001811856
0001847986
0001670076
0001431695
0001874944
0001218683
0001529274
0001829966
0001816581
0001842566
0001937987
0001637873
0001733257
0001831840
0001819928
0001841800
0001484778
0001842356
0001847064
0001664998
0001831097
0001819974
0001835579
0001601830
0001833756
0001563190
0001432133
0001645842
0001528287
0001711933
0001630627
0001833197
0001850398
0001843973
0001759655
0001780312
0001828937
0001806347
0001855509
0001785530
0001275168
0001530979
0001734722
0001829864
0001934064
0001775194
0001828161
0001445499
0001832332
0001839439
0001851003
0001804591
0001758766
0001496963
0001580560
0001617553
0001783328
0001841156
0001834494
0001823529
0001847590
0001849466
0001837686
0001847874
0001845337
0001846017
0001818093
0001846576
0001779128
0001821825
0001600641
0001854445
0001522540
0001845257
0001823945
0001671284
0001817713
0001787640
0001856525
0001806952
0001840574
0001569345
0001818874
0001850079
0001853145
0001516513
0001699838
0001817004
0001854963
0001853513
0001819574
0001835681
0001800682
0001834045
0001826000
0001856314
0001839839
0001813914
0001785424
0001770141
0001841925
0001820630
0001779474
0001766478
0001842022
0001210677
0001850902
0001723648
0001823878
0001855747
0001826457
0001845022
0001788717
0001657573
0001849253
0001846510
0001842718
0001565687
0001803901
0001854401
0001802457
0001777835
0001837412
0001845815
0001431959
0001826889
0001562088
0001235912
0001811764
0001792781
0001777921
0001816233
0001821159
0001531177
0001834488
0001111485
0001855447
0001821850
0001854139
0001625641
0001857951
0001380106
0001860543
0001286139
0001819516
0001849820
0001849670
0001831915
0001454938
0001816613
0001828318
0001816708
0001689731
0001856365
0001822928
0001832038
0001802156
0001752828
0001844280
0001805385
0001856430
0001619856
0001783879
0001691936
0001818502
0001615055
0000876883
0001856437
0001805651
0001841804
0001824734
0001857853
0001852244
0001818331
0001901637
0001819394
0001843162
0001811210
0001760689
0001858685
0001862068
0001856028
0001722438
0001824403
0001856236
0001794905
0001849867
0001826018
0001818201
0001828105
0001843724
0001720671
0001846253
0001819133
0001861622
0001824893
0001788841
0001603652
0001816017
0001588978
0001819493
0001861795
0001866550
0001866581
0001543916
0001790625
0001865107
0001504776
0001819994
0001837014
0001852633
0001650164
0001863105
0001422142
0001819584
0001777946
0001819989
0001544522
0001645070
0001856608
0001868726
0001653909
0001782170
0001839285
0001866368
0001866692
0001866757
0001822993
0001628945
0001844971
0001825024
0000315858
0001819810
0001789940
0001844392
0001753539
0001879103
0001881592
0001857086
0001869198
0001856485
0001821534
0001645873
0001830214
0001782223
0001868912
0001858257
0001653482
0001819404
0001865187
0001531978
0001826681
0001482981
0001841968
0001868941
0001807846
0001452965
0001871509
0001830210
0001825079
0001784851
0001866633
0001824920
0001855457
0001667011
0001868778
0001874178
0001607939
0001468327
0001875444
0001870600
0001870940
0001859285
0001872525
0001861522
0001819113
0001407973
0001666291
0001625278
0001689375
0001643988
0001871149
0001780201
0001557127
0001476840
0001781730
0001860782
0001830180
0001820302
0001462056
0001873529
0001609151
0001865782
0001821769
0001809987
0001867066
0001676238
0001833214
0001820201
0001477815
0001870997
0001867072
0001867949
0001874875
0001736035
0001922858
0001673481
0001809750
0001880319
0001883814
0001884516
0001873923
0001881172
0001880613
0001642896
0001881487
0001653384
0001866175
0001083301
0001878897
0000890394
0001658551
0001883788
0001851860
0001883313
0001901799
0001892322
0001880661
0001888447
0001786205
0001868275
0001899287
0001898604
0001600983
0001893311
0001648087
0001876588
0001914605
0001872789
0001877322
0000022701
0001782430
0001889539
0001879403
0001892492
0001828588
0001803737
0001899883
0001902314
0001709442
0001788999
0001903382
0001627282
0001910139
0001886894
0001929561
0001519449
0001559432
0001838406
0001932393
0001941365
0001944048
0001944558
0001948455
0001984060
0001852131
0001921963
0001953366
0000025445
0001767042
0001951667
0001955520
0001892292
0001951276
0001639438
0001965040
0001968915
0001891856
0001936224
0001923780
0001764974
0001979332
0001939365
0001967680
0001974138
0001979330
0001959348
0001940177
0001835830
0001579091
0001967649
0001802255
0001887944
0001980088
0001990354
0001952976
0001849221
0001972529
0001901440
0001968487
0001622536
0001982518
0001785279
0001794776
0001947210
0001737924
0001948864
0001952853
0001736297
0002012726
0001713445
0001964738
0001996810
0001538379
0001981599
0002000178
0001943896
0001998768
0001943289
0002002473
0001747172
0002009684
0001995807
0002013639
0001699031
0001717115
0001638826
0001997859
0001889956
0002007596
0002012706
0002014596
0001637147
0001868159
0001861107
0002019505
0002025410
0001988494
0001392272
0002011286
0002027317
0001812447
0001897762
0002015845
0001971213
0000944075
0000944739
0000945235
0000941548
0001001082
0001172222
0000912061
0000944314
0001525769
0000945114
0000920707
0000943452
0001108236
0000945436
0000934549
0000945983
0000750574
0000803352
0000945989
0000944480
0001318545
0000946842
0000928465
0000930236
0000931148
0001135185
0001295810
0000930420
0000917520
0000945394
0000892222
0000798985
0001591890
0000948708
0000893949
0000920321
0000949158
0000922621
0000943580
0000899923
0000949297
0000944695
0000949039
0000935419
0000945841
0000873044
0000949699
0000927066
0000946673
0001037949
0000944809
0001000228
0000855683
0001000180
0001000623
0001001258
0001001288
0001002225
0000927003
0001001250
0001000697
0001003344
0000949870
0001001604
0000923139
0001000298
0001001902
0000949156
0001002047
0000899597
0000799729
0000828678
0001133872
0001001385
0001002135
0001000694
0001002388
0001002037
0000877890
0001002517
0000920112
0001002811
0000924719
0001001316
0001000683
0001002531
0000865415
0001003078
0001002590
0001003022
0000874766
0001072627
0001003642
0001958086
0000095052
0001001907
0001001838
0001001171
0000910267
0000932628
0001003124
0000832847
0000861838
0001003130
0001003950
0000004187
0000933738
0001004125
0001005010
0001591877
0001063561
0001034760
0000884269
0000847383
0000896400
0001609065
0001168455
0001006045
0001005286
0000896429
0000889971
0001005229
0000896778
0000920427
0000921590
0000038264
0000899866
0001005757
0000887921
0001004989
0000880804
0000949373
0001020569
0000940942
0000919722
0001094808
0001102541
0001005731
0001006892
0001099305
0001007330
0001005210
0000949157
0000943110
0001007587
0001000230
0001006177
0001438731
0000798955
0001006281
0001008817
0001006655
0001011006
0001006269
0001051343
0000824410
0000931336
0001008586
0001060232
0001009672
0000086312
0000909494
0001010552
0001010612
0001009829
0001006424
0000722256
0001004608
0001068084
0000887936
0001012140
0000887919
0001008654
0001000209
0000914475
0001011290
0000913165
0000882873
0001402436
0001011064
0000934547
0001009356
0000705432
0001011657
0000913077
0001012019
0000880562
0000767405
0001013462
0001013238
0001013606
0000920448
0001012620
0000846617
0001014111
0001174820
0001013237
0001010470
0001127371
0001004702
0000865917
0001012771
0001013857
0001014041
0001013934
0001013706
0000886744
0001010247
0001013880
0001090425
0000911583
0000912463
0001015739
0001016281
0001016470
0001015483
0001109525
0001449732
0001015780
0000926164
0001017303
0000861878
0000065770
0001017793
0001003201
0000315849
0000320387
0001018164
0000897067
0000916457
0001017712
0000873860
0001018840
0000831547
0001019361
0001017968
0001019650
0001019272
0001016169
0001017673
0000908837
0001019737
0001166928
0001013488
0001017480
0001015328
0001019695
0000707604
0001595262
0000353191
0001019849
0000896264
0000912183
0000006885
0001021162
0001021860
0000818813
0000880059
0001018003
0001020859
0001021270
0001128227
0001019671
0001006837
0001018332
0001022408
0000946840
0001021561
0001022671
0001024657
0001023313
0001022321
0001102287
0000797721
0000944508
0001023362
0001024452
0001022469
0001020416
0001023131
0000896493
0001024732
0001022079
0001023128
0000858800
0000946090
0001015593
0001285224
0001020710
0001137547
0000832090
0001024795
0000016160
0001000753
0001018005
0001025996
0001020214
0000887359
0001026650
0000812011
0001027207
0000936395
0000845818
0000849869
0001009379
0000889930
0001170010
0001029299
0001675820
0000891293
0001029199
0001031235
0000764038
0001173431
0001029630
0001031623
0001027183
0001032067
0001029023
0000946581
