0000001750
0000061478
0000006201
0000003197
0000859163
0000764622
0001808834
0000001800
0000001923
0000002034
0000002098
0000002186
0000002178
0000002488
0000109471
0001122304
0000002969
0000353184
0000098618
0000766421
0000701288
0001368457
0000003453
0000003499
0000003545
0000775368
0000003673
0000773840
0000003982
0000004127
0000004447
0000701345
0000004457
0000004611
0000789073
0000771497
0001475922
0001783400
0000004904
0000004962
0000004977
0000005133
0000005272
0000700721
0001801075
0000350832
0001102238
0000005768
0000744825
0000713425
0000005981
0000790730
0001037868
0000318154
0000731859
0000006176
0000006207
0000006281
0000006284
0000006292
0000006314
0000821026
0001841666
0000006845
0000320193
0000006951
0000006955
0000007039
0000007084
0000225051
0000894405
0000007536
0000007623
0001674862
0000008146
0000008063
0001004155
0000008411
0000744187
0000769397
0000008670
0000039677
0000008818
0000008858
0000008868
0000008947
0000014846
0000009092
0000009263
0000808362
0000009326
0000009346
0000009389
0001004440
0000763901
0000046195
0001390777
0001011174
0000009892
0000009984
0000010048
0000749872
0000010329
0000010456
0000109563
0000010795
0000729580
0000732712
0000356080
0000011199
0000935226
0001067983
0000764478
0000012208
0000722104
0001130464
0000012659
0001001606
0000033769
0000012927
0000012978
0000354655
0000315213
0001035675
0001393066
0000013573
0000746598
0000014177
0000014195
0000014272
0000014693
0000014707
0000014930
0001104657
0000015615
0000746838
0000733269
0000018396
0001739940
0000025354
0000020629
0000021175
0000356037
0000277948
0000026058
0000320121
0000766792
0000016040
0000350199
0000016058
0000016104
0000730255
0001035201
0000016732
0000016918
0000721371
0000790051
0001094093
0000017843
0000018061
0000726958
0000018172
0000018169
0000018230
0000018255
0000278166
0000740664
0000745651
0001061393
0001089819
0000018808
0000018926
0000018937
0000019353
0000019411
0000019446
0000215419
0000019584
0000019617
0000019745
0000093410
0000019871
0000703351
0000020171
0000313927
0000020212
0000020232
0000716133
0000723254
0000351077
0000201461
0000020740
0001400891
0000764065
0000021076
0000728303
0000317540
0000021344
0000215466
0000021510
0000021535
0001302573
0000021665
0000830524
0001166691
0000028412
0000022356
0000831001
0000022444
0000723612
0000356028
0001688568
0000023111
0000023197
0000023217
0000718332
0001549346
0000276209
0000733590
0001047862
0000023675
0001726173
0000023795
0000811156
0000024104
0000732834
0000024491
0000711404
0000024545
0000024741
0000025212
0000025232
0001067294
0001944013
0000025475
0001584207
0000277924
0001091862
0000025793
0001219601
0000025895
0000026076
0000039263
0000723603
0000026172
0000026324
0000714603
0000030697
0000026780
0000313616
0000351998
0000799165
0000027419
0000787250
0000315189
0000027904
0000277375
0000027996
0000936340
0000730464
0000939930
0000028823
0000722313
0000028917
0000029002
0000708850
0001744489
0000029332
0000029534
0000715957
0000029644
0000029669
0001172358
0000029834
0000029905
0001666700
0000029989
0001498301
0000030554
0000030302
0000030305
0001326160
0001799208
0000030625
0000067215
0000720875
0000030822
0000030828
0000030831
0000031791
0000350846
0000031107
0000049600
0000031235
0000350797
0000031462
0000031667
0000031978
0001066107
0000032166
0000726514
0000032198
0000032604
0000032621
0000032689
0000350917
0000714284
0000277595
0000032878
0000731802
0001507605
0000033002
0000727510
0000316253
0000033185
0000033213
0000033488
0000033533
0000033619
0001282637
0000753568
0000033992
0000746515
0000034067
0000764401
0000034088
0000037785
0000753308
0000034151
0000034408
0000034563
0001048911
0001419581
0000034903
0000277509
0000794367
0000035214
0000320017
0000035527
0000719164
0001281761
0000354869
0000036146
0000798941
0000036270
0000036104
0000036966
0000037008
0000012040
0000037472
0000713002
0001128928
0001124198
0000355019
0000037996
0001647509
0000038074
0000352825
0000038725
0000038777
0000039020
0000039092
0000039047
0000039273
0000039368
0000039648
0000040211
0000354190
0000039899
0000039911
0000040888
0000040533
0000040545
0000040570
0000040704
0000040729
0001467858
0000088205
0000018498
0000355811
0000040987
0000041133
0001052752
0000719274
0000042228
0000042316
0000042542
0000042582
0000042682
0001436304
0001045309
0000042888
0000716314
0000277135
0000043196
0000043410
0000026820
0000043920
0001273931
0000216039
0001030749
0000311817
0000045012
0000355766
0000313478
0000202058
0000045876
0000046080
0000046129
0000216085
0000354707
0000046250
0000731012
0000766704
0000874238
0000719413
0000046619
0001637459
0000046765
0000047035
0000047111
0001657853
0000047217
0000717605
0000047518
0001585689
0001915657
0001656239
0000354950
0000048287
0000741815
0000048465
0000316206
0001130310
0000357294
0001029800
0000048898
0000728535
0000049196
0000315374
0000772897
0001093082
0000049728
0000049534
0000216228
0000052827
0001057877
0000049826
0000352998
0000722830
0001096385
0001481582
0000353020
0000050725
0000703361
0000050863
0000320340
0000050957
0000715787
0000051143
0000051253
0000808450
0000353944
0001405495
0000051434
0000316793
0000319240
0000278041
0000051548
0000728249
0000051644
0000742112
0000719209
0000052795
0000351903
0000052988
0000105634
0001084580
0000094610
0000200406
0000319201
0001310067
0001506307
0000056868
0000057055
0000054381
0000054441
0000054473
0001143068
0000054480
0001711269
0000740694
0000054991
0000055067
0000055135
0000055242
0000055529
0000719733
0000055772
0000055785
0000056047
0000056701
0000056873
0000056978
0000763532
0000060714
0000703360
0000357020
0000057139
0000057131
0001126956
0000707549
0000057515
0000057528
0000703604
0000058361
0000058492
0000704051
0000920760
0000096223
0000059478
0000701985
0000059527
0000059558
0000352363
0000936468
0000060086
0000315852
0001017907
0000060519
0000060667
0000060751
0000016099
0000060849
0000060876
0000060977
0000061004
0000773141
0000067716
0000068709
0001161728
0000061986
0000766561
0000101778
0000062234
0001070750
0000062709
0001399315
0000062996
0000749038
0000085608
0000755003
0000063276
0000063330
0000319815
0000054187
0000063754
0000063908
0000752714
0000064040
0000927653
0000064463
0000064472
0001170650
0000748270
0000064803
0000701811
0000310158
0000065011
0000724004
0000065172
0000065201
0000065270
0000065312
0000065358
0000065596
0001593936
0000320345
0000723125
0000310568
0000065984
0000066004
0000066382
0000066570
0000316300
0000066740
0000066756
0001067419
0000067279
0000067347
0000067472
0001489137
0000067625
0001906324
0000067887
0000068270
0000068505
0000717423
0000069422
0000069488
0001792044
0000070858
0000070866
0000072162
0000073290
0000069633
0000069671
0000069733
0000070145
0001047335
0000070318
0000070415
0000080172
0000070530
0000110536
0000070793
0000275053
0000741508
0000356309
0000071691
0000814453
0001164727
0000071829
0000225263
0000072020
0000320187
0000072205
0000072207
0000072331
0000072333
0000702165
0000789933
0000072573
0000072741
0001111711
0000072903
0000073124
0001133421
0000097216
0001733998
0001993004
0000072971
0000073309
0001044566
0001587987
0000797468
0000350737
0000073756
0000350868
0001525221
0001031296
0000748015
0000074046
0001021635
0000074303
0000353230
0000712770
0001039684
0000074818
0001466593
0000075208
0000075252
0001370946
0000812074
0000075288
0000075340
0000077776
0000713676
0000079879
0000075362
0001004980
0000277058
0001032208
0000075829
0001559149
0000708821
0000076267
0000076282
0000076321
0000076334
0000729237
0000076605
0000943861
0000723531
0001422862
0001042046
0000077159
0001166126
0000922224
0000077281
0000077449
0000077476
0000077543
0000077877
0000350403
0000078003
0001109357
0000078128
0000764180
0001163165
0000078239
0000078460
0000278130
0000088948
0000078749
0001230245
0000078814
0000914025
0001546296
0001338749
0001135971
0000080420
0000311657
0000079958
0000080424
0000355429
0001108426
0000788784
0000822416
0000276720
0000100591
0000081362
0000708818
0000720500
0000709283
0000751652
0000700841
0000720005
0000742278
0000110621
0000082020
0000082166
0001047122
0000082473
0000082811
0000716643
0000350698
0000083402
0000355948
0000084129
0001069533
0000084290
0001024478
0000084748
0000084839
0001571508
0000745732
0001528558
0000085535
0000085704
0000739878
0000085961
0000085974
0000350894
0000766829
0000089270
0000710752
0000086144
0000203077
0000319655
0000023666
0000754737
0000866729
0000087565
0000088121
0000317788
0001012100
0000088790
0000088941
0000089089
0000089140
0000354963
0000089800
0000090168
0000090185
0000082628
0000314203
0000091142
0000091419
0000091440
0000091576
0000091741
0000091767
0000091928
0000320575
0000827052
0001056903
0000092122
0000203248
0000092380
0001692115
0000732717
0000007332
0000718924
0000743238
0000077597
0000092679
0000092769
0000731657
0000718937
0000093384
0000093389
0000878560
0000093456
0000310354
0000093556
0000093676
0000093751
0000094049
0000093451
0000094344
0001393311
0000310764
0001593538
0000095029
0000095304
0000750556
0000095521
0000095552
0000095574
0000730000
0000728331
0000351817
0000724742
0000095953
0000096021
0000350563
0000277928
0000103096
0000098338
0000096289
0000096412
0000096536
0000318833
0000096699
0000096763
0000096793
0000096831
0000096869
0001018963
0000096943
0001051512
0000317771
0000731939
0000097134
0001024725
0000097196
0000097210
0000050104
0000097472
0000097476
0001811074
0000217346
0000097745
0000097854
0000730263
0000350907
0000098222
0000701374
0000098362
0000098677
0000320335
0000098720
0000737758
0000721683
0000099302
0000099359
0000726513
0000099780
0000732026
0000941138
0000100378
0000860731
0000100493
0000100517
0000884614
0000102379
0000757011
0000100716
0000100726
0000717954
0001002910
0000100885
0000798949
0000101063
0000074208
0000101295
0000731766
0001082510
0000101382
0000752642
0001090727
0000101538
0000101594
0000355999
0000101829
0000101830
0000750004
0000755001
0000310142
0000102037
0000102109
0000352915
0000706698
0000103379
0000102752
0000102729
0000102741
0000717720
0000203527
0000103145
0000310056
0000758743
0000103595
0000751365
0000103730
0000103872
0000899689
0001396009
0000105132
0000110430
0000104169
0001618921
0000737300
0000104777
0001103601
0000104889
0000104894
0000104897
0000104918
0000105016
0000105076
0000828916
0000105418
0000105608
0000105729
0000105770
0000106040
0000106455
0001159297
0000106532
0000106535
0000106618
0000106640
0000106926
0000107140
0000107263
0000350077
0000719955
0000872821
0000107681
0000107687
0001617227
0000783325
0000352541
0000916863
0000110471
0000108312
0000850209
0000108516
0001770450
0000318996
0000716006
0000108985
0000109156
0000109177
0000109198
0000109380
0000730716
0001083743
0000725876
0000775158
0001299901
0001107843
0000739608
0001545654
0000720672
0001792580
0000763744
0000764579
0000779152
0000782842
0000007789
0001547903
0000092230
0000714310
0000779544
0000778946
0000702325
0000785787
0000758004
0000736822
0001547459
0000773910
0000786947
0000721447
0000878726
0001616262
0001548981
0001499422
0000790070
0000002491
0001495240
0000739944
0000701719
0000768835
0000895421
0001113169
0000751364
0000789019
0001341439
0001024305
0000790703
0000730272
0000790818
0001465112
0000790705
0000791915
0000791907
0000732485
0000790715
0000778734
0000792977
0000791908
0000709804
0000792987
0000793074
0001552000
0000785557
0001552890
0000792985
0000794619
0000793952
0000793733
0000794170
0000724571
0000754811
0001544229
0000795212
0000784977
0001549848
0000794172
0000749251
0000795403
0000788920
0000906163
0000789460
0001232241
0000796505
0001702780
0000796343
0000745308
0000045919
0001340786
0000783412
0000768408
0000792641
0000059255
0000751085
0000785161
0000798081
0000798287
0001224608
0000799292
0000854852
0000799167
0000798354
0000800286
0000799088
0000795266
0000795551
0000314606
0000318306
0000719135
0000005513
0000726845
0000802481
0000800459
0000355777
0000036047
0001484504
0000803647
0000800458
0000728387
0000785956
0001552797
0000799233
0000804753
0000721237
0000805305
0000749660
0000803014
0001308161
0001552275
0000805264
0001096343
0001116463
0000844059
0000785786
0000804212
0000949961
0000050493
0001548309
0001545158
0001410428
0000805792
0000043350
0000801898
0000752431
0000780127
0000807884
0000018349
0000790526
0000807882
0000780053
0000765880
0000809933
0000766701
0000802356
0000806172
0000761648
0000810136
0000811641
0000704440
0000803016
0000812128
0000080661
0000084246
0000807707
0002057463
0000812900
0000813298
0000812701
0000813672
0001705873
0000794323
0000742550
0000791963
0001141197
0000814549
0000812796
0000810829
0000783280
0000805022
0001555365
0000814361
0000814585
0000790816
0000769520
0000803649
0000798783
0000814676
0000816284
0000799850
0000815094
0000816956
0000772572
0000813781
0000098246
0001023844
0000817135
0000808461
0001551739
0000826326
0000818479
0000813762
0001999001
0000813828
0001555280
0000806517
0000787253
0000819220
0000818033
0000816159
0000811212
0000799231
0000814547
0001505512
0001349454
0000820081
0001552800
0002024218
0000933136
0000788329
0000820738
0000922358
0000059440
0000316709
0000801351
0000822818
0001383871
0000819793
0001507881
0000768411
0000722572
0000807863
0001056087
0000825410
0000825411
0000700564
0000813621
0000820237
0000786344
0001299939
0000815556
0000311094
0000743316
0001132979
0000820313
0000003116
0000822663
0000931015
0001270073
0000768251
0001038357
0000821130
0000871763
0000828750
0000720858
0001557255
0000826675
0000823094
0000820097
0000789570
0001546640
0000823768
0001571996
0000831327
0000832428
0001549966
0001651347
0000820318
0001333274
0000815093
0000830748
0000831259
0000825313
0000821995
0000704562
0000821536
0000831968
0000836106
0000800240
0000746514
0000835729
0000833079
0001037676
0001026655
0000080124
0000011544
0000020286
0000074260
0001403085
0001555492
0000835011
0000910638
0000833081
0001090012
0000836157
0000920148
0000771856
0000842295
0001327811
0001549872
0000928022
0000814586
0000813920
0001558785
0001055160
0000840467
0000842183
0001569134
0001547635
0000845877
0000814184
0000034782
0001538849
0001556766
0001035002
0000842633
0000793044
0000840889
0000832101
0000837173
0000845289
0000841692
0001408356
0000840883
0000783005
0000089439
0000846876
0000019612
0001555538
0000842023
0000079282
0000850429
0000791519
0001178711
0001538217
0000850693
0000849213
0000849145
0000849399
0001132105
0001442236
0001512931
0001551152
0001517302
0001553023
0001533615
0001487918
0001551901
0000851205
0001423902
0001378946
0001177648
0001535929
0000772406
0001294016
0000711377
0000722723
0000094845
0000842162
0000821189
0001328581
0000855612
0001430723
0000855658
0001552198
0000855574
0001059142
0001585790
0001068717
0001562476
0000717538
0000008177
0000810689
0000921768
0000811831
0000802681
0001555039
0000701347
0000854775
0000800457
0000356130
0001555074
0000712515
0001580156
0000812348
0000769207
0000024090
0000811589
0000726854
0001076394
0000723188
0001057706
0000854395
0000868671
0000787075
0000712534
0001438533
0000038984
0001547546
0001561387
0000776901
0000039311
0001674745
0000714530
0001381639
0001560443
0000726517
0000792013
0001107160
0000867493
0001030469
0000820907
0001093672
0001484769
0001561627
0000064996
0001315657
0001462694
0001370291
0000700733
0000865058
0001635984
0000793547
0000846931
0000707179
0000855654
0000318300
0000230557
0000719739
0000701869
0000828944
0000754673
0000936528
0001415022
0000801337
0000203596
0000922487
0000715579
0000318673
0000730708
0001347858
0000708955
0000804269
0000834365
0001724965
0000700863
0001060009
0001005817
0000357301
0000729986
0000101199
0001514128
0000707605
0001532961
0001745916
0000863110
0001373707
0000741516
0001389002
0000275119
0001518461
0001568832
0001564618
0001533998
0001520358
0001117480
0001564709
0001313911
0000736772
0001411488
0001118417
0001509190
0001565337
0001407067
0001606440
0001964333
0001569187
0001555177
0001562401
0001007273
0001368514
0001567345
0001572684
0001391636
0001490660
0001303652
0001380846
0001562039
0001553326
0001496631
0000806279
0000712771
0001549084
0001362190
0000840264
0001561894
0000717059
0000866054
0001571498
0001169652
0001573097
0000859222
0000850606
0001560672
0001283699
0001174850
0000763563
0001556593
0001559909
0000796317
0001579471
0000835012
0001478242
0001269021
0001572910
0001575515
0001576044
0000877808
0001293971
0001284807
0001576940
0001401708
0001532543
0001517228
0000810958
0000834285
0001564708
0001275158
0000037808
0001375796
0001571283
0001571776
0001366340
0001573166
0000713095
0001537435
0001482080
0001556266
0001574540
0001439222
0001434868
0001574596
0001130598
0001403708
0001475274
0001574963
0001098151
0001578735
0001023024
0001532390
0001514732
0001122063
0000712537
0001569391
0001163199
0001556364
0001675644
0001441693
0001415624
0000714562
0001454389
0000771999
0001259515
0001567683
0001580608
0000740663
0001665918
0001356090
0001424929
0001575051
0001577791
0000314489
0001577095
0000763907
0001034669
0001581068
0000723646
0001574460
0000870385
0001534708
0001535955
0001575599
0001175505
0001581908
0001578318
0000903419
0001553588
0001574648
0001433270
0001581990
0001488613
0001579252
0001370880
0001566826
0001466085
0001573516
0001280600
0000706129
0001385228
0000840715
0001364954
0000760326
0001576169
0001434316
0001158114
0001563699
0001410939
0001577368
0001581091
0001477200
0001407190
0001577916
0001348324
0001580670
0001384905
0001585064
0000313716
0001125345
0001584952
0000876378
0001579298
0001561660
0001571123
0001393052
0001605301
0000857005
0000721994
0000012239
0001337553
0001583103
0001571329
0001575965
0001348334
0001195734
0001411574
0001411688
0001553079
0001583744
0001578932
0001418091
0001474167
0001495932
0001253689
0001361470
0001723128
0001438133
0001478484
0001503802
0001326732
0001384101
0001452751
0001416792
0001399520
0001586105
0001578732
0000764241
0001588972
0001361113
0000783739
0001118237
0001669779
0001574085
0000790359
0001578685
0001578987
0001044378
0001059131
0000788965
0000894671
0001515673
0000357173
0000788885
0001346830
0000716605
0001581164
0001585583
0001588216
0001591588
0001579157
0001587246
0001554859
0001587755
0001133869
0000875582
0000350852
0001591763
0001294133
0001442626
0001582966
0000080035
0000805676
0001135657
0001412270
0000090498
0001588238
0001590976
0000852772
0000821002
0001567514
0000854560
0000914122
0000315131
0001577670
0001592480
0001485003
0001399529
0001479290
0001579877
0000723458
0001419600
0001580905
0001587732
0001587523
0001592016
0001591670
0001585023
0001367920
0000891106
0001581934
0000719220
0001579684
0001593195
0001591517
0000799288
0001590717
0001042074
0001493761
0001409970
0001597033
0000740942
0000883948
0001404644
0001301501
0001591698
0001115128
0001578348
0001595974
0001598968
0001433714
0000827871
0001707178
0001635282
0000844789
0001716697
0000102212
0001277141
0001513818
0001563407
0001580808
0001593222
0001307748
0001599489
0001517022
0000737468
0001410384
0001459417
0001372414
0001594109
0000709942
0001288847
0001412043
0000854860
0001594337
0001580345
0001596967
0001592000
0000784011
0000908311
0001273636
0001508655
0001314223
0001668397
0001499807
0001261249
0001598428
0000354647
0000017313
0001423824
0001178253
0001328143
0001474903
0001372612
0001428875
0001449278
0001422183
0000726601
0001594879
0001069899
0001590955
0001604028
0001432732
0001582982
0001600422
0001599222
0000825542
0000858452
0000857737
0001473061
0001598646
0001596783
0001463172
0001601046
0001599617
0001697463
0001474464
0000737210
0001594466
0001462120
0001601485
0001470099
0002042694
0001594686
0001597131
0001592379
0001176948
0001598665
0000858339
0001032033
0001522690
0001604665
0001597672
0001600470
0001606163
0001602065
0001523404
0001582568
0001327318
0000858470
0001578620
0001267813
0001604416
0001651944
0001602658
0001510580
0001500435
0001437402
0001395937
0000945764
0001603145
0001297184
0001601548
0001602367
0001413837
0001601712
0001606757
0001597503
0001606745
0001599947
0001606268
0001596532
0001440292
0000858877
0001061630
0001478121
0001428336
0001328015
0000859737
0001601545
0001371285
0001597553
0001610466
0001325618
0001515816
0001704720
0001521036
0001271214
0001437786
0001604464
0001393434
0001581720
0001161315
0001748824
0001492674
0001596961
0001584754
0001610092
0000859139
0001384710
0001610793
0001609132
0001599891
0000727207
0001606366
0001589094
0001537028
0001579823
0000859368
0001611983
0000844965
0000751978
0000857949
0001614436
0001372514
0001606363
0001606498
0000860519
0000861459
0001609253
0001608249
0000853816
0000861361
0000820736
0000860748
0001494319
0001528557
0000739421
0001566044
0001616707
0000824142
0001611110
0001356093
0000944745
0000775662
0001649904
0001605607
0001613665
0001557883
0001607716
0001496671
0001610682
0001538990
0001501570
0001610418
0000803578
0001611988
0000081318
0001613859
0000724910
0001609702
0000858803
0000856982
0001611647
0001570827
0001412232
0001590895
0001539638
0000759944
0000874214
0001789832
0001679268
0000879682
0001512762
0001616817
0001404655
0001616314
0001420783
0001610250
0001617798
0000921299
0001444380
0001603286
0001617977
0001566610
0001600890
0001211759
0001445305
0001610114
0001595097
0001551693
0001610950
0001505155
0001373670
0001071993
0000718130
0001612630
0000315709
0001604738
0001615346
0000819689
0001507079
0001620928
0001420811
0001610532
0001617669
0001448056
0001470205
0000862480
0000768899
0001594864
0000860730
0001529628
0000872835
0001812727
0000743988
0001616101
0001617898
0001599407
0000924383
0001731348
0001711291
0000821483
0001611547
0000719866
0000808047
0001619917
0000851249
0000825324
0001600438
0001583648
0001621563
0000863456
0001506401
0000057725
0001607741
0001794515
0001616318
0001374128
0000010254
0001620533
0001622194
0001394319
0001506928
0001619954
0001609351
0001169987
0000835324
0001616741
0001620546
0001627223
0000096885
0000315449
0000864509
0000864749
0000863894
0000864233
0001614806
0001501134
0001616297
0001556727
0001616000
0000862510
0000851520
0001611231
0001609711
0001632933
0001620280
0001632790
0000863436
0001620393
0001619250
0001678463
0001597313
0000778972
0001351051
0000720002
0001419612
0001618563
0001622353
0001589526
0000866273
0001634117
0000866121
0000866706
0001632127
0000829323
0001589149
0001370637
0001633931
0001626115
0001633978
0000896156
0001633651
0001635581
0000811240
0001609951
0001592057
0001434647
0001572694
0001622893
0001610618
0001562214
0001300734
0001597264
0001324772
0001592386
0001621434
0001163370
0001448431
0000225648
0000861842
0001637558
0001637655
0001725057
0001630856
0000357264
0001267565
0001631569
0001021096
0001637913
0000869487
0000858655
0001630132
0000869986
0000714256
0001339970
0001615153
0000868611
0001636286
0001393020
0001108109
0000868780
0000872448
0000830122
0000862692
0000866368
0000866787
0000866609
0000872589
0001628908
0001635718
0001629995
0001636222
0001447599
0001635881
0001630805
0001054833
0001623919
0000868725
0001458962
0000767920
0000873364
0001418121
0001163302
0001534254
0001494538
0001192448
0001526113
0000867665
0000313143
0000874016
0001877939
0000874015
0001433195
0001635650
0001322554
0001639300
0001806837
0001305773
0000844161
0000874396
0000724606
0001459200
0000840489
0001319947
0001604821
0001609809
0000874716
0000875355
0000874761
0000812191
0000874866
0000750577
0000874977
0000870826
0001477449
0000744485
0000874501
0000049754
0000811596
0000868368
0000865752
0001628063
0000875320
0000876427
0001512499
0000876167
0000740761
0000874733
0000876437
0000704415
0000877212
0001574815
0001624512
0000874292
0000876523
0000865570
0001609989
0001127703
0000875357
0001637761
0000069891
0000933141
0000875045
0001636519
0000878079
0000850483
0001560327
0001574235
