0000808326
0001177845
0001034670
0001033012
0001022368
0000790024
0001034755
0001011570
0000917273
0000912888
0001018724
0000874495
0000857855
0001035443
0001028215
0001038222
0001030896
0001604778
0000873303
0001033032
0001037038
0001034239
0001032220
0001036262
0001037540
0001023459
0001013796
0001037390
0001028918
0001035983
0000866829
0001389050
0001038133
0001023731
0000941604
0000882508
0001020017
0000890066
0001070985
0001037461
0001569650
0001037976
0001071992
0001039184
0001756701
0000842518
0000919130
0000894237
0001040593
0001036188
0000887343
0000926844
0000909108
0001031028
0001040792
0001040426
0001437578
0001040470
0001040971
0001039151
0001041803
0001085243
0000817473
0001043382
0001000045
0000798528
0001010086
0001113256
0001040130
0001042783
0001041061
0000917491
0001041859
0001023860
0001487730
0001141807
0001030484
0001043156
0001036070
0001042821
0001041429
0001111559
0001045769
0001084717
0001041514
0000750686
0001036044
0001042825
0001043219
0001042809
0000070487
0001043337
0001039065
0001043277
0000914138
0001046311
0001038280
0000798359
0001036960
0001042893
0001108967
0001044590
0001042729
0001046859
0000911177
0001043533
0001045450
0001127160
0001029730
0001031203
0001043000
0001001426
0001042187
0000949874
0001037646
0001412665
0001043509
0001015155
0000835887
0001028954
0001004434
0001001115
0001046327
0000711065
0000720154
0001045014
0001011509
0000883107
0001808665
0000913341
0001678531
0000927807
0001046257
0001335190
0000833640
0001045150
0001049108
0001067701
0001209028
0001225874
0001047170
0001013272
0001431567
0001253317
0001074902
0000785968
0001128361
0001030192
0001045742
0001087934
0001045425
0001046025
0001046050
0000879635
0001050825
0000814250
0000740971
0001025378
0000719402
0001041024
0001014473
0001048268
0001046568
0001049521
0001056943
0001046131
0001050915
0000803164
0001066254
0001050007
0000711669
0001253710
0001050377
0000924717
0001041177
0000717806
0001052100
0001049606
0000948072
0000944765
0001047884
0001044777
0001055726
0001054374
0001055355
0001056288
0001822492
0001582616
0001290677
0002011641
0001047919
0001053507
0001496443
0001130144
0000842717
0001049782
0001050797
0000744452
0001083643
0000316736
0001041550
0001053584
0001734875
0001039280
0000919864
0001050743
0001024022
0001159427
0001309082
0001005101
0001084384
0001025536
0001087456
0001083522
0000732412
0001091164
0001078383
0001408534
0001052595
0001053650
0001492165
0001029744
0000895541
0001051871
0001028087
0001053352
0000846901
0000855874
0001051741
0001210227
0001056696
0001053706
0001053532
0000842694
0001047127
0001195933
0001083689
0000740260
0000811808
0001042810
0001051114
0001052054
0000865754
0001054905
0001039101
0001054102
0001051627
0001061069
0001617667
0000711772
0001057379
0001016125
0001057060
0001084876
0000893847
0001055454
0001054579
0001050446
0000706863
0001021097
0001075736
0001059272
0001050441
0001028734
0000826154
0001058290
0001528849
0000765207
0001046880
0000934473
0001499832
0001058690
0000764402
0001058623
0001059562
0001059786
0001189396
0001057352
0000702513
0001060391
0000770460
0000932781
0001391137
0001060749
0000707886
0001059763
0000792966
0001062478
0001060523
0000921557
0000907562
0001065059
0000031347
0000898770
0001061219
0001056358
0001060219
0001091735
0001056923
0001062530
0001042173
0001062047
0001051470
0001065860
0001035976
0001435064
0000945699
0001063537
0001032863
0001065049
0001065088
0001041379
0000886982
0001046995
0001040570
0000036506
0001143155
0001047857
0000826683
0001058438
0001326583
0001092796
0001069996
0001065078
0001068851
0001572334
0001070423
0001051251
0000050471
0001088034
0001080360
0001039889
0000827187
0001069353
0001754226
0001068875
0001066026
0001068300
0001011432
0001070680
0001485001
0001070524
0001070296
0001068912
0001071255
0001025835
0000913756
0000927720
0001070154
0001063344
0001045810
0001062231
0001072343
0001072847
0001073475
0001067837
0001071341
0001069157
0001373525
0001065087
0001066134
0001050690
0000827230
0001073349
0001060349
0000056679
0001066104
0001018399
0001073431
0001060990
0001058307
0001023364
0001079023
0001049502
0001075531
0001069878
0001490906
0001337885
0000850579
0001078271
0000862022
0001464343
0001079577
0001066605
0001070412
0001080099
0000759718
0001301611
0001041657
0001080056
0001057758
0000929008
0001518222
0001090514
0001009626
0001075607
0001080224
0001073429
0001275283
0001063254
0001048695
0000888953
0001065837
0001080667
0001831096
0001109546
0001034054
0001082554
0001084755
0001078099
0001082923
0000862831
0001083712
0001043604
0001774170
0001084961
0000889936
0001050606
0001059324
0001365997
0000921847
0001085280
0001065332
0001084048
0001077688
0001048477
0001077370
0001288750
0001086467
0001069202
0001085869
0001366367
0001084869
0001085621
0001085770
0001087423
0001078075
0001086600
0001076682
0001641129
0001088033
0001058299
0001086939
0001089044
0001071264
0001089907
0001066194
0001517650
0001075415
0001032761
0001142701
0001090061
0001056386
0001088825
0002012383
0001003214
0001088144
0001060426
0001091883
0001030206
0001057083
0001075706
0001091801
0001973266
0001054721
0001093207
0001084750
0001092367
0001090009
0001086222
0001089872
0001093691
0001077183
0001089143
0001040896
0001069258
0001091667
0001324424
0001058811
0001094739
0000704532
0001094007
0001094814
0001090872
0001089511
0001082526
0001643858
0001095315
0001094285
0001076939
0001062292
0001094238
0001428156
0001096199
0001094831
0001090403
0001014672
0001074909
0001068796
0000789868
0001094810
0001095858
0000706874
0001076481
0000075677
0000753224
0000846475
0001098972
0001099160
0001094348
0001049210
0001096142
0001089590
0001058444
0001096325
0001100917
0001100969
0001090908
0001144686
0001284506
0001087432
0001038074
0001103390
0001101169
0001099800
0001096752
0001097264
0001098277
0001034842
0001033905
0001080034
0001076167
0001102934
0001478454
0001095565
0001857154
0001099219
0001104855
0001062822
0001102993
0001001233
0000939767
0001070380
0001110647
0001104252
0000758938
0001103837
0001102741
0001097864
0001107216
0001040161
0001343034
0000020520
0001173489
0000836690
0001708055
0001013871
0001104506
0001169770
0001359555
0001111335
0001035267
0001037760
0001275101
0001289701
0001107332
0001109189
0001100682
0001099941
0001835632
0001108134
0001091325
0001009759
0001101396
0001075656
0001101302
0001113232
0001121142
0001110903
0001069530
0001106851
0001823882
0001108320
0001109116
0001080709
0001114220
0001110803
0000789356
0001108205
0001108924
0001040416
0001114925
0001109354
0001044435
0001113481
0001111665
0000930553
0001760173
0001114200
0001101239
0001115055
0001086319
0001059556
0000836147
0001116942
0000872912
0001022225
0001010775
0001098813
0001082038
0001114483
0001170154
0001098482
0001116132
0001263762
0001092662
0001118941
0001120295
0001110783
0001081206
0000917968
0001037016
0000947397
0000750199
0001290476
0001123270
0000937098
0001022652
0001100412
0001122342
0001124140
0001084765
0001110805
0001097149
0000864559
0000037748
0001060736
0001123494
0001029142
0001161154
0001070494
0001104038
0001123360
0001123647
0001102266
0001126975
0001001871
0001121484
0001104485
0001635235
0001064728
0001129633
0001129155
0000109758
0001135152
0001123979
0000817720
0001103982
0000926326
0001035092
0000817129
0001137774
0000946563
0001139463
0001065034
0000923284
0001136294
0001304740
0001069183
0001101215
0001113668
0001137411
0001092914
0001277902
0001004673
0001120096
0001099977
0001141103
0000878526
0001120914
0001142750
0001136869
0001144980
0001048620
0001133260
0001166003
0001143513
0001156388
0001157377
0001156039
0001326380
0000707388
0001574532
0000105319
0001064863
0000721693
0001156295
0001071739
0001478726
0001126328
0001158449
0000817979
0001144215
0001141299
0001121783
0001112412
0001042776
0001145460
0000892537
0001181001
0001159281
0001157647
0001088856
0001162461
0001156041
0001144879
0001157758
0001424847
0001120970
0001158324
0001166388
0001175483
0001158463
0001162315
0001228454
0001112920
0001166291
0001065280
0001168696
0001159154
0001162556
0000906192
0001168213
0001133470
0001126216
0000868271
0001169445
0001130713
0001168197
0001139570
0000868857
0001093649
0001167419
0001062613
0001103021
0001478085
0001372020
0001071941
0001106644
0001171014
0000922863
0001260221
0001378453
0001045829
0001039399
0001056285
0001529113
0001138951
0001172052
0001171759
0001096788
0001575571
0001166036
0001117171
0001164863
0001156375
0001165002
0001142417
0001645676
0001174922
0001120193
0001157817
0001066923
0001166380
0001397807
0001157762
0001133311
0001171825
0001145255
0001168556
0001089063
0001169769
0001176334
0001131227
0001179060
0001060822
0001178970
0001077428
0001185348
0001177702
0001084991
0001168054
0001144320
0001136174
0001746109
0001171486
0001101020
0000787251
0001204560
0001196298
0001315399
0001159036
0000892986
0000947559
0001213660
0001179929
0001191857
0001160858
0001210708
0001120830
0001270400
0001053374
0001226308
0001288855
0001122904
0001183186
0001108827
0001224370
0001172852
0001364856
0001222915
0001234006
0001241199
0001592329
0001220754
0001528843
0001178575
0001254595
0000894081
0001082564
0001255474
0001065696
0001173204
0001258602
0001232582
0000278165
0001162747
0001803696
0001177394
0001262279
0001260968
0001039828
0001494904
0001414374
0001515156
0001035748
0001223389
0001008848
0001264755
0001261654
0001266719
0001206264
0001292900
0001265131
0001267238
0001264707
0001209821
0001404592
0001202273
0001268671
0001227654
0001062449
0001257640
0001692819
0001267097
0001259429
0001057689
0001423869
0001140486
0001308606
0001224133
0001108524
0001095277
0001262104
0001172136
0001172480
0001273685
0001398006
0001276520
0001412109
0001061983
0001295401
0001059262
0001278021
0001278027
0001165231
0001268984
0001253986
0001282543
0001076195
0001117057
0001753886
0001286681
0001126741
0001096339
0000830916
0001141391
0001283709
0001135711
0001287032
0001274057
0001182129
0001163932
0001287151
0001273801
0001652044
0001162324
0001288741
0000899460
0001288403
0001089638
0001289419
0001289340
0001289460
0001297587
0001111247
0001289505
0001505732
0001283073
0001289863
0001203900
0001048685
0001289490
0001289850
0001142512
0001050550
0001280784
0001476264
0000854800
0001290900
0001211351
0001452217
0001375063
0001124941
0001292055
0001397533
0001292556
0001500213
0001080014
0001173514
0001262823
0001298946
0001292426
0001007019
0001576263
0001288784
0001283582
0000884219
0001219210
0001259550
0001297720
0001282613
0001280452
0001176316
0001271625
0001289308
0001297401
0001296445
0001239188
0001299033
0001298675
0001297996
0001386926
0001289236
0001493552
0001730984
0001419852
0001144354
0001283630
0001113809
0001294538
0001299704
0001299139
0001299969
0001070698
0001845290
0001298341
0001444397
0001301787
0001298978
0001302028
0001300514
0001301236
0001617242
0000729156
0001137083
0001267201
0001578776
0001303942
0001301106
0001302343
0001287750
0001652106
0001289848
0001305168
0001304421
0001285785
0001124524
0001287865
0001299688
0001297704
0001466292
0001342958
0001306830
0001296435
0001297067
0001320934
0001562463
0001752036
0001295947
0001308208
0001178409
0001308547
0001271940
0001309108
0001575360
0001767258
0001307954
0001303313
0001301063
0001297989
0000738214
0001413440
0001725526
0001324410
0001288359
0001277092
0001676667
0001501364
0001311370
0001299709
0001310313
0001278384
0001297024
0001272597
0001542299
0001312073
0001320854
0001302387
0001130591
0001500375
0001318084
0001093557
0001136352
0001316625
0001023734
0001171155
0001332551
0001281922
0001315695
0001318008
0001316835
0001318484
0001297341
0001315257
0001162245
0001319161
0001302707
0001319229
0000778164
0001571949
0001320947
0001265888
0001486058
0001675192
0001286613
0001317630
0001493491
0001318568
0001104042
0001649709
0001405049
0001320461
0001315255
0001114714
0001322705
0001336644
0001329799
0001317577
0001104349
0001323531
0001031316
0001324189
0001323885
0001324272
0001323974
0001095291
0001212545
0001483096
0001485527
0001130866
0001323468
0001325955
0001324404
0001316656
0001252849
0001175151
0001324570
0001320695
0001205727
0001273441
0001543643
0001328650
0001081078
0001317945
0001222840
0001762239
0001321741
0001316898
0001011835
0000017485
0001265572
0001051514
0001437107
0001271057
0001594012
0001569994
0001138817
0001329919
0001722010
0001303330
0001070045
0001331301
0001307752
0001159167
0001333513
0001334478
0001364885
0000712034
0001340041
0001324948
0001344154
0001018979
0001331745
0001281774
0001330849
0001131324
0001332602
0001333170
0001331520
0001332349
0001334978
0001123541
0001332896
0000885306
0001325281
0000820027
0001693577
0001236997
0001334036
0001336047
0000867773
0001336917
0001071625
0001336920
0001293593
0000836429
0001347652
0001134203
0001331875
0001521951
0001344596
0001325460
0001332199
0001337068
0001338065
0001324759
0001635626
0001346980
0001323653
0001276187
0001339048
0001339947
0001311538
0001338613
0001361709
0001301206
0001323033
0000943184
0001339455
0001335258
0001316645
0001334933
0001331427
0001328571
0002013745
0001321268
0001339553
0001339605
0000832488
0001058090
0001342126
0001178104
0001172631
0000710846
0001136893
0001365555
0001260625
0001340282
0001009891
0001338401
0001341318
0001345840
0001235468
0001321646
0001344980
0001345126
0001344907
0001344413
0001515003
0001347178
0001735828
0001338578
0001368007
0001623595
0001350593
0001004724
0001350653
0001272830
0001694426
0001352302
0001239819
0001131554
0001353209
0001354513
0001403385
0001648428
0001390162
0001324105
0001329606
0001580185
0001514131
0001469134
0001272550
0001342287
0001533454
0000711665
0000896842
0001212458
0001510326
0001537667
0001537054
0001488813
0001537951
0001538263
0001223862
0001372375
0001428522
0001530950
0001201663
0001353283
0001326801
0001540729
0001236275
0001541401
0001540947
0001539838
0001081745
0001540400
0001528393
0001509892
0001532750
0000793306
0001534701
0001535031
0001487198
0001401667
0001550695
0001491576
0001367311
0001237831
0001373715
0001264587
0001370755
0001546417
0001401257
0001327567
0001633142
0001386858
0001547638
0001177609
0001538822
0001398987
0001354327
0001169561
0001483830
0001354217
0001356949
0001070081
0001223786
0001070336
0001355096
0001355855
0001131907
0001282648
0001357204
0001320414
0001357971
0001358356
0001357615
0001490630
0001487052
0001357326
0001327364
0001452477
0001333493
0001158895
0001337013
0001323648
0001716726
0001282266
0001350381
0001364099
0001362004
0001171662
0001360886
0001357371
0001361658
0001360901
0001014507
0001361983
0001361937
0001362468
0001178879
0001287808
0001347613
0001847398
0001362491
0001130258
0001823365
0001355823
0001355786
0001371446
0001364541
0001365135
0001341766
0001362705
0001282224
0001364250
0001365216
0001359841
0001125920
0001274494
0001367083
0001354866
0001010286
0001333248
0001121702
0001160791
0001349437
0001144945
0001366868
0001113148
0001363890
0001325670
0001485176
0001370450
0001270436
0001361538
0000007431
0001367396
0001367064
0001311486
0001368458
0001444598
0001360565
0001171298
0001063494
0001111928
0001369568
0001276591
0001269871
0001405197
0001368148
0001367644
0001282631
0001277250
0001371781
0001313024
0001341141
0001373980
0001158223
0001364100
0001373561
0001374535
0000809248
0001371489
0001375557
0001372807
0001170991
0001375247
0001373835
0001372664
0001372000
0001368265
0001289636
0001635261
0001483195
0001372813
0001368622
0001044577
0001507277
0001140215
0001377013
0001528610
0001375320
0001377630
0001168195
0001157780
0001379378
0001375365
0001377789
0001379041
0001380509
0001378950
0001142576
0001380393
0001360214
0001396446
0001385544
0001379661
0001138723
0001381197
0001382230
0001379785
0001369774
0001381531
0001350072
0001381668
0001378590
0001173752
0001366246
0001829576
0001372041
0001384195
0001382911
0001381325
0001358190
0001294250
0001314772
0001349436
0001383650
0001383312
0001466815
0001326652
0001124608
0001377936
0001393818
0001385292
0001385280
0001388430
0001385830
0002018064
0001304464
0001317872
0001388133
0001385508
0000041023
0001383414
0001389305
0001175609
0001145197
0001389545
0001302350
0001244937
0001138639
0001615418
0001422105
0001338042
0001392562
0001391127
0001386570
0001393612
0001718405
0001324245
0001388855
0001320760
0001378846
0001411579
0001393726
0001138830
0001361872
0001335106
0001391390
0001311369
0001394074
0001392972
0001401106
0001158172
0001326003
0001207074
0001163698
0000937556
0001396279
0001358071
0001394954
0001397516
0001362718
0001388195
0001390844
0001131096
0001393883
0001319327
0001392091
0001394159
0001411207
0001296205
0001269026
0001396838
0001398551
0001397187
0001377720
0001464790
0001099590
0001124610
0001398797
0001087294
0001400400
0001402328
0000087050
0001376339
0001375686
0001667939
0001360530
0001355042
0000816761
0001398664
0001353970
0001374328
0001461640
0001287668
0001397821
0001401573
0001405277
0001368365
0001408198
0001397911
0001396440
0001401923
0001408287
0001407623
0001401564
0001549276
0001376812
0001407739
0001230355
0001405287
0001328792
0001376139
0001384072
0001606180
0001399249
0001403568
0001105184
0001292653
0001201792
0001405073
0001125376
0001396033
0001419521
0001403256
0001401521
0001493225
0001393744
0001427570
0001054303
0001403853
0001409493
0001410838
0001410172
0001402305
0001413507
0001406574
0001397047
0001431372
0001088787
0001227930
0001409171
0001157408
0001410711
0001404306
0001254419
0001461755
0001409375
0001406587
0001386198
0001117106
0001415301
0001336545
0001402829
0001410056
0001415404
0001410703
0001541119
0001120370
0001413898
0001600125
0001410471
0000093631
0001383099
0001411303
0001419951
0001411861
0001180145
0001425565
0001410636
0001411158
0001574774
0001505611
0001385818
0001403161
0001420800
0001415277
0001403431
0000744218
0001413329
0001275791
0001417398
0001420302
0001340652
0001375151
0001739942
0001516479
0001421517
0001407463
0001404912
0001469510
0001421182
0001401688
0001423221
0001414475
0001217234
0001162194
0001200375
0001421461
0001828376
0001423689
0001107694
0001426945
0001400810
0001439095
0001208208
0001096738
0001425205
0001434588
0001550603
0001422892
0001434842
0000314227
0001430602
0001390312
0001436425
0001414932
0001437071
0001436126
0001418919
0001368308
0001627014
0001386301
0001267602
0001434620
0001434729
0000718877
0001434621
0001433660
0001439288
0001378992
0001440024
0001473597
0001441849
0001167178
0000700923
0001442145
0001419178
0001499686
0001730168
0001394156
0001437106
0001437226
0001452575
0001351285
0001435508
0001111817
0001124804
0001309402
0001438231
0001382219
0001448301
0001145404
0001449488
0001418133
0001530249
0001442505
0001441236
0001524741
0001432150
0001305323
0001451951
0001437925
0001453820
0001453814
0001125914
0001399521
0001590799
0001456772
0001040719
0000887247
0001397016
0001527590
0001465885
0000843006
0001376321
0001403794
0001447051
0001457543
0001450704
0001468328
0000025743
0001464423
0001469433
0001468174
0001262039
0001465128
0000880460
0001467027
0001373988
0001355848
0001469606
0001444363
0001334325
0001470699
0001471038
0001463833
0001471458
0001471088
0001395942
0001285819
0000850261
0001679688
0001467760
0000822708
0001910851
0001418819
0001845799
0001467761
0001082754
0000890447
0001460602
0001474735
0001465740
0001466538
0001460329
0001428205
0001497275
0001474098
0001476150
0001425715
0001411342
0001406666
0001468516
0001422109
0001158420
0001410098
0001473078
0001092699
0001404973
0001430592
0001489136
0001471261
0001325879
0001429764
0001167294
0001442741
0001297336
0001089531
0001285550
0001474439
0001479426
0001463972
0001356857
0001472093
0001449792
0001399855
0001469372
0000860413
0001470795
0001358483
0001407450
0001481506
0000826773
0001858681
0001446847
0001287213
0001477246
0001117297
0001099290
0001418076
0000844856
0001483510
0001463959
0001398805
0001386278
0001486159
0001478950
0001828962
0001024126
0001520566
0001374310
0001086909
0001365101
0001487371
0001471727
0001288469
0001412347
0001486800
0001337619
0001473334
0001118037
0001305294
0001487990
0001402281
0001327471
0001488075
0001421561
0001476045
0001476765
0001175454
0001227025
0001182325
0001365916
0001464963
0001283843
0001481792
0001485469
0001286225
0001489979
0001490165
0001491501
0001490983
0001472787
0001425287
0001484478
0001131457
0001568319
0001318605
0001326396
0001482512
0001476719
0001160958
0001492915
0001487101
0001488917
0001488139
0001487952
0001176373
0001490892
0001294924
0001490161
0001490636
0001453593
0001495479
0001495320
0001485964
0001379246
0001486957
0001496623
0001010858
0001426800
0000319458
0001564822
0001608638
0001479094
0001533526
0001481832
0001361103
0001566897
0001497770
0000913277
0001559865
0001333822
0001497645
0001494448
0001299130
0001235007
0001175535
0001490013
0001499912
0001389170
0001500217
0001501078
0001498021
0001496099
0001492298
0001495925
0001498710
0001502034
0001401680
0001502012
0001366649
0001365038
0001981792
0001487428
0001504008
0001493182
0001396814
0001131543
0001443646
0001631825
0001427925
0001162112
0001439199
0000880177
0001817944
0001687221
0001487986
0001369786
0001437557
0001505823
0001506932
0001495569
0001310114
0001425292
0001507986
0001356576
0001434728
0001505413
0001507615
0001509991
0001487712
0001490349
0001169988
0001495222
0001500836
0001509432
0001501585
0001615817
0001271024
0001511198
0001423542
0001485933
0001489096
0001511337
0001564902
0001502749
0001392380
0001084817
0001312928
0001511071
0001504461
0001230276
0001508171
0001514281
0001546381
0001383729
0001366684
0001311230
0001515980
0001128725
0001514705
0001482541
0001507385
0001452857
0001516007
0001584509
0001516973
0001710482
0001504619
0001506439
0000827876
0001122388
0001517175
0001510295
0001504747
0001174266
0001617640
0001517401
0001399935
0001592058
0001158863
0001314592
0001491419
0001518832
0001513971
0001518621
0001518715
0001519632
0001137091
0001512077
0001466026
0001476651
0001519401
0001495231
0001490281
0001512074
0001514991
0001340127
0001463101
0001511737
0001513363
0001364962
0001403528
0001577785
0001479750
0001145986
0001524025
0001439404
0001514743
0001180079
0001274792
0001275712
0001415336
0001569329
0000931059
0001080747
0001301031
0001463258
0001443669
0001352010
0001509589
0001525287
0001378718
0001522327
0001311241
0001526796
0001129260
0001493594
0000890264
0001525998
0001524931
0001490930
0001527709
0001520006
0001527622
0001534992
0001313275
0001528129
0001462633
0001375271
0001491778
0001330421
0001519751
0001307579
0001528837
0001117733
0001528930
0001527166
0001627487
0001524471
0001524472
0001529377
0001529864
0001524223
0001771515
0001713952
0001083220
0001522420
0000805928
0001528396
0001520300
0001499717
0001528356
0001430306
0001532930
0001520744
0001475841
0000771950
0001524358
0001520697
0001360683
0000911326
0001526952
0001526119
0001527541
0001023994
0001533924
0001533932
0001466301
0001534504
0001534287
0001345016
0001429260
0001408278
0001420850
0001461993
0001237746
0001406251
0001431897
0001526520
0001536035
0001183941
0001325702
0001314475
0001762303
0001728205
0001314102
0001095981
0001808898
0001476170
0001561680
0001216596
0001138118
0001279363
0001057436
0001280058
0001692063
0001178670
0001142596
0001106942
0001275187
0001282398
0001091171
0001282977
0001235010
0001275014
0001420525
0001283140
0001267130
0001367859
0001284812
0001404296
0001278752
0001286043
0000902622
0001261888
0001599298
0001389072
0001140310
0001383571
0001362925
0000949428
0001355128
0001441567
0001337298
0001565228
0001815849
0001031029
0001547063
0001823794
0001590714
0001287098
0001796209
0001739445
0001581760
0001662991
0001640147
0001714562
0001566373
0001695295
0001822250
0001326110
0001833498
